205 205 205 205 205 205 205 12 12 12 12 12 12 12 12 12 12 12 12 12 12 12 12 12 12 12 12 12 12 12 12 12 12 12 12 12 12 12 12 12 12 12 12 12 12 12 12 12 12 12 12 12 12 12 12 12 12 12 12 12 12 12 12 12 12 12 12 12 12 12 12 12 12 12 12 12 12 12 12 12 12 12 12 12 12 12 12 12 12 12 12 12 12 12 12 12 12 12 12 12 
205 205 205 205 205 205 205 12 12 12 12 40 40 40 40 40 40 40 40 40 40 40 40 40 40 40 40 40 40 40 40 40 40 40 40 40 40 40 40 40 40 40 40 40 40 40 40 40 40 40 40 40 40 40 40 40 40 40 40 40 40 40 40 40 40 40 40 40 40 353 353 353 353 353 353 353 353 353 353 353 353 141 141 141 141 141 141 141 141 141 141 141 141 141 141 141 141 141 141 141 
205 205 205 205 205 205 111 12 12 12 12 40 41 40 376 376 376 376 376 376 376 376 376 376 376 376 376 376 376 376 376 376 376 376 376 376 376 376 376 376 376 376 376 376 376 376 376 376 376 376 376 376 376 376 376 376 376 376 376 376 376 376 376 376 376 376 376 376 376 376 376 376 376 376 376 376 376 376 376 376 376 141 141 141 141 141 141 141 141 141 141 141 141 141 141 141 141 141 141 141 
205 205 205 205 205 111 128 12 12 12 12 40 41 40 305 95 301 301 301 301 301 301 301 301 301 95 95 95 95 95 95 95 95 95 95 95 95 95 95 95 95 95 95 95 95 95 95 95 95 95 95 95 376 376 95 376 376 95 376 95 95 300 300 300 300 300 300 300 300 300 300 300 300 300 148 148 148 148 148 148 434 141 141 141 141 141 141 141 141 141 141 141 141 141 141 141 141 141 141 141 
205 205 205 205 111 128 128 12 12 12 12 40 41 40 305 301 301 301 95 95 95 95 95 95 95 95 95 95 95 376 376 376 95 376 376 376 376 376 376 376 376 376 376 376 95 95 95 95 95 95 95 95 95 95 95 376 376 376 376 300 300 300 300 300 300 300 300 300 300 300 300 300 300 300 148 148 148 148 148 148 434 141 141 141 141 141 141 141 141 141 141 141 141 141 141 141 141 141 141 141 
205 205 205 205 128 128 128 12 12 12 12 40 41 40 305 301 301 301 301 301 301 301 301 301 301 301 95 95 95 95 95 95 95 95 95 95 95 95 95 95 95 95 95 95 376 95 376 376 376 376 95 376 376 376 95 376 95 95 95 95 95 95 95 95 95 95 95 95 95 95 95 95 95 95 300 148 95 95 95 95 434 141 141 141 141 141 141 141 141 141 141 141 141 141 141 141 141 141 141 141 
204 204 204 204 128 128 128 12 12 12 12 40 41 40 305 301 301 301 301 301 301 301 301 301 301 301 301 301 95 95 95 95 95 95 95 95 95 95 95 95 95 95 95 95 95 95 95 95 95 95 95 95 95 95 95 95 95 95 95 95 95 95 95 95 95 95 95 95 95 95 95 95 95 95 300 95 95 95 95 95 434 141 141 141 141 141 141 141 141 141 141 141 141 141 141 141 141 141 141 141 
204 204 204 204 128 128 128 12 12 12 12 40 41 40 305 301 301 301 301 301 301 301 301 301 95 95 95 95 95 95 95 95 95 95 95 95 95 95 95 95 95 95 95 95 95 95 95 95 95 95 95 95 95 95 95 95 95 95 95 95 95 95 95 95 95 95 95 95 95 95 95 95 95 300 300 95 95 95 95 95 434 141 141 141 141 141 141 141 141 141 141 141 141 141 141 141 141 141 141 141 
204 204 204 204 128 128 128 12 12 12 12 40 41 40 305 301 95 95 95 95 95 95 95 95 95 95 95 95 95 95 95 95 95 95 95 95 95 95 95 95 95 95 95 95 95 95 95 95 95 95 95 95 95 95 95 95 95 95 95 95 95 95 95 95 95 95 95 95 95 95 95 95 95 300 95 95 95 95 95 95 434 12 12 12 12 12 12 12 12 12 12 12 70 70 70 70 70 70 70 70 
204 204 204 204 128 128 138 12 12 12 12 40 41 40 385 301 95 95 95 95 95 95 95 95 95 95 95 95 95 95 95 95 95 95 95 95 95 95 95 95 95 95 95 95 95 95 95 95 95 95 95 95 95 95 95 95 95 95 95 95 95 95 95 95 95 95 95 95 95 95 95 95 95 95 95 95 95 95 95 95 250 12 12 12 12 12 12 12 12 12 12 70 70 70 70 70 70 70 70 70 
204 204 204 204 128 138 12 12 12 12 12 40 41 40 261 385 84 84 84 84 84 84 84 84 84 84 84 84 84 84 84 84 84 84 84 84 84 84 84 84 84 84 84 84 84 84 84 84 84 84 84 84 84 84 84 84 84 84 84 84 84 84 84 84 84 84 84 84 84 84 84 84 84 84 84 84 84 84 84 250 283 12 12 12 12 12 12 12 12 12 70 70 70 70 70 70 70 70 70 70 
204 204 204 204 138 12 12 12 12 12 12 40 41 40 56 261 119 119 119 119 119 119 119 119 119 119 119 119 119 119 119 119 119 119 119 119 119 119 119 119 119 119 119 119 119 119 119 119 119 119 119 119 119 119 119 119 119 119 119 119 119 119 119 119 119 119 119 119 119 67 67 67 67 67 272 272 272 119 119 283 78 12 12 12 12 12 12 12 12 70 70 70 70 70 70 70 70 70 70 70 
238 12 12 12 12 12 12 12 12 12 12 40 41 40 56 56 119 119 294 294 119 119 119 119 119 294 294 119 119 119 119 119 119 119 119 119 119 119 119 119 294 294 119 119 119 119 119 119 119 119 119 119 119 119 294 294 119 119 119 119 119 119 119 119 294 294 119 119 119 67 119 119 119 119 294 294 272 119 119 284 78 12 12 12 12 12 12 12 70 70 70 70 70 70 70 70 70 70 70 70 
238 12 12 12 12 12 12 12 12 12 12 40 41 40 56 56 119 119 294 294 119 119 119 119 119 294 294 119 119 119 119 119 119 119 119 119 119 119 119 119 294 294 119 119 119 119 119 119 119 119 119 119 119 119 294 294 119 119 119 119 119 119 119 119 294 294 119 119 119 119 119 119 119 119 294 294 119 119 119 284 284 12 12 12 12 12 12 70 70 70 70 70 70 70 70 70 70 70 70 70 
238 12 12 12 12 12 12 12 12 12 12 40 41 40 56 56 119 119 119 119 119 119 119 119 119 119 119 119 119 119 119 119 119 119 119 119 119 119 119 119 119 119 119 119 119 119 119 119 119 119 119 119 119 119 119 119 119 119 119 119 119 119 119 119 119 119 119 119 119 119 119 119 119 119 119 119 119 119 119 284 284 12 12 12 12 12 70 70 70 70 70 70 70 70 70 70 70 70 70 70 
238 12 12 12 12 12 12 12 12 12 12 40 41 40 56 56 119 119 119 119 119 119 119 119 119 119 119 119 119 119 119 119 119 119 119 119 119 119 119 119 119 119 119 119 119 119 119 119 119 119 119 119 119 119 119 119 119 119 119 119 119 119 119 119 119 119 119 119 119 119 119 119 119 119 119 119 119 119 119 284 284 12 12 12 12 12 98 70 70 70 70 70 70 70 70 70 70 70 70 70 
238 12 12 12 12 12 12 12 12 12 12 40 41 40 56 56 119 119 119 119 119 119 119 119 119 119 119 119 119 119 119 119 119 119 119 119 119 119 119 119 119 119 119 119 119 119 119 119 119 119 119 119 119 119 119 119 119 119 119 119 119 119 119 119 119 119 119 119 119 119 119 119 119 119 119 119 119 119 119 284 78 12 12 12 12 98 70 70 70 70 70 70 70 70 70 70 70 70 70 70 
238 12 12 12 12 12 12 12 12 12 12 40 41 40 56 56 119 119 119 119 119 119 119 119 119 119 119 119 119 119 119 119 119 119 119 119 119 119 119 119 119 119 119 119 119 119 119 119 119 119 119 119 119 119 119 119 119 119 119 119 119 119 119 119 119 119 119 119 119 119 119 119 119 119 119 119 119 119 119 284 78 12 12 12 98 70 70 70 70 70 70 70 70 70 70 70 70 70 245 70 
238 12 12 12 12 12 12 12 12 12 12 40 41 40 120 56 307 119 119 119 119 119 119 307 119 119 119 119 119 119 307 119 119 119 119 119 119 326 307 119 119 119 119 119 119 119 119 119 119 119 119 307 119 119 119 119 119 119 307 119 119 119 119 119 119 119 119 119 119 307 119 119 119 119 119 119 307 119 119 119 78 12 12 70 70 70 70 70 70 70 70 70 70 70 70 70 70 70 70 70 
238 12 12 12 12 12 12 12 12 12 12 40 41 40 12 120 319 119 119 119 119 119 119 319 119 119 119 119 119 119 319 119 326 119 119 119 119 326 319 119 119 119 119 119 119 119 119 119 119 119 119 319 119 119 119 119 119 119 319 119 119 119 119 119 119 326 119 119 119 319 119 119 119 119 119 119 319 119 119 119 121 12 70 70 70 70 70 70 70 70 70 70 70 70 70 70 70 70 70 70 
238 12 12 12 12 12 12 12 12 12 12 40 41 40 95 95 95 95 95 95 95 95 95 95 95 95 12 12 12 12 12 12 12 12 12 12 12 12 12 12 12 12 12 12 12 12 12 12 12 12 12 12 12 12 12 12 12 12 12 12 12 12 12 12 12 12 12 12 12 12 12 12 12 12 12 12 12 12 12 12 12 70 70 70 70 70 70 70 70 70 70 70 70 70 70 70 70 70 70 70 
238 12 12 12 12 12 12 12 12 12 12 40 41 40 95 95 95 95 95 95 95 95 95 95 95 95 12 12 12 12 12 12 12 12 12 12 12 12 12 12 12 12 12 12 12 12 12 12 12 12 12 12 12 12 12 12 12 12 12 12 12 12 12 12 12 12 12 12 12 12 12 12 12 12 12 12 12 12 12 12 12 70 70 70 70 70 70 70 70 70 70 70 70 70 70 70 70 70 70 70 
238 12 12 12 12 12 12 12 12 12 12 40 41 40 95 95 95 95 95 95 40 40 40 40 40 40 40 40 40 40 40 40 40 40 40 40 40 40 40 40 40 40 40 40 40 40 40 40 40 40 40 40 40 40 40 40 40 40 40 40 40 40 40 40 40 40 40 40 40 40 40 40 40 40 40 40 40 12 12 449 291 291 291 291 291 291 291 291 291 291 291 291 291 291 291 291 291 448 70 70 
238 12 12 12 12 12 12 12 12 12 12 40 41 40 95 95 95 95 95 95 40 40 40 40 40 40 40 40 40 40 40 40 40 40 40 40 40 40 40 40 40 40 40 40 40 40 40 40 40 40 40 40 40 40 40 40 40 40 40 40 40 40 40 40 40 40 40 40 40 40 40 40 40 40 40 40 40 12 12 87 88 295 295 295 295 295 295 295 295 295 295 295 295 295 295 295 295 68 70 70 
238 12 12 12 12 12 12 12 12 12 98 40 41 40 95 95 95 95 95 95 40 40 40 40 40 40 40 40 40 40 40 40 40 40 40 40 40 40 40 40 40 40 40 40 40 40 40 40 40 40 40 40 40 40 40 40 40 40 40 40 40 40 40 40 40 40 40 40 40 40 40 40 40 40 40 40 40 12 12 87 88 12 12 12 12 12 12 12 12 12 12 12 12 12 12 12 295 68 70 70 
238 12 12 12 12 12 12 12 12 98 98 40 41 40 95 95 95 95 95 95 40 40 40 40 40 446 384 384 384 384 384 384 384 384 384 384 384 384 384 384 384 384 384 384 384 384 384 384 384 384 384 384 384 384 384 384 384 384 384 384 384 384 384 384 384 384 384 384 384 384 384 411 40 40 40 40 40 12 12 87 88 12 12 12 12 12 12 12 12 12 12 12 12 12 12 12 295 68 70 70 
238 12 12 12 12 12 12 12 98 98 98 40 41 40 95 95 95 95 95 95 40 40 40 40 40 440 466 466 466 466 466 466 466 466 466 466 466 466 466 466 466 466 466 466 466 466 466 466 466 466 466 466 466 466 466 466 466 466 466 466 466 466 369 369 369 369 369 369 369 369 369 467 40 40 40 40 40 12 12 86 88 12 12 12 12 12 12 12 12 12 12 12 12 12 12 12 295 68 70 70 
238 12 12 12 12 12 12 98 98 98 98 40 41 40 95 95 95 95 95 95 40 40 40 40 40 440 466 466 466 466 466 466 466 466 466 466 466 466 466 466 466 466 466 466 466 466 466 466 466 466 466 466 466 466 466 466 466 466 466 466 466 369 466 466 466 466 466 466 466 466 466 467 40 40 40 40 40 12 12 86 88 12 12 12 12 12 12 12 12 12 12 12 12 12 12 12 295 68 70 70 
238 12 12 12 12 12 98 98 98 98 98 40 41 40 95 95 95 95 95 95 40 40 40 40 40 440 466 466 466 466 466 466 466 466 466 466 466 466 466 466 466 466 466 466 466 466 466 466 466 466 466 466 466 466 466 466 466 466 466 466 466 466 466 466 466 466 466 466 466 466 466 467 40 40 40 40 40 12 12 86 294 12 12 12 12 12 12 12 12 12 12 12 12 12 12 12 295 68 70 70 
238 98 304 304 304 304 304 304 304 304 304 40 41 40 95 95 95 95 95 95 40 40 40 40 40 440 466 466 466 466 466 466 466 466 466 466 466 466 466 466 466 466 466 466 466 466 466 466 466 466 466 466 466 466 466 466 466 466 466 466 466 466 466 466 466 466 466 466 466 466 466 467 40 40 40 40 40 12 12 86 88 12 12 12 12 12 12 12 12 12 12 12 12 12 12 12 295 68 70 70 
238 98 304 304 304 304 304 304 304 304 304 40 41 40 95 95 95 95 95 95 40 40 40 40 40 440 466 466 466 466 466 466 466 466 466 466 466 466 466 466 466 466 466 466 466 466 466 466 466 466 466 466 466 466 466 466 466 466 466 466 466 466 466 466 466 466 466 466 466 466 466 467 40 40 40 40 40 12 12 86 88 12 12 12 12 12 12 12 12 12 12 12 12 12 12 12 295 68 70 70 
238 98 22 301 301 301 301 301 301 301 301 40 41 40 95 95 95 95 95 95 40 40 40 40 40 440 466 466 466 466 466 466 466 466 466 466 466 466 466 466 466 466 466 466 466 466 466 466 466 466 466 466 466 466 466 466 466 466 466 466 466 466 466 466 466 466 466 466 466 466 466 467 40 40 40 40 40 12 12 86 88 12 12 12 12 12 12 12 12 12 12 12 12 12 12 12 295 68 70 70 
33 98 22 157 157 157 157 157 157 157 359 40 41 40 95 95 95 95 95 95 40 40 40 40 40 440 466 466 466 466 466 466 466 466 466 466 466 466 466 466 466 466 466 466 466 466 466 466 466 466 466 466 466 466 466 466 466 466 466 466 466 466 466 466 466 466 466 466 466 466 466 467 40 40 40 40 40 12 12 86 88 12 12 12 12 12 12 12 12 12 12 12 12 12 12 12 295 68 70 70 
33 98 22 157 157 157 157 157 157 157 359 40 41 40 95 95 95 95 95 95 40 40 40 40 40 440 466 466 466 466 466 466 466 466 466 466 466 466 466 466 466 466 466 466 466 466 466 466 466 466 466 466 466 466 466 466 466 466 466 466 466 466 466 466 466 466 466 466 466 466 466 467 40 40 40 40 40 12 12 86 88 12 12 12 12 12 12 12 12 12 12 12 12 12 12 12 295 296 70 70 
33 98 22 157 157 157 157 157 157 157 359 40 41 40 95 95 95 95 95 95 40 40 40 40 40 440 466 466 466 466 466 466 466 466 466 466 466 466 466 466 466 466 466 466 466 466 466 466 466 466 466 466 466 466 466 466 466 466 466 466 466 466 466 466 466 466 466 466 466 466 466 467 40 40 40 40 40 12 12 86 88 12 12 12 12 12 12 12 12 12 12 12 12 12 12 12 295 296 70 70 
33 98 22 157 157 157 157 157 157 157 359 40 41 40 95 95 95 95 95 95 40 40 40 40 40 440 466 466 466 466 466 466 466 466 466 466 466 466 466 466 466 466 466 466 466 466 466 466 466 466 466 466 466 466 466 466 466 466 466 466 466 466 466 466 466 466 466 466 466 466 466 467 40 40 40 40 40 12 12 86 88 12 12 12 12 12 12 12 12 12 12 12 12 12 12 12 295 296 70 70 
33 98 22 157 157 157 157 157 157 157 359 40 41 40 95 95 95 95 95 95 40 40 40 40 40 440 466 466 466 466 466 466 466 466 466 466 466 466 466 466 466 466 466 466 466 466 466 466 466 466 466 466 466 466 466 466 466 466 466 466 466 466 466 466 466 466 466 466 466 466 466 467 40 40 40 40 40 12 12 86 88 12 12 12 12 12 12 12 12 12 12 12 12 12 12 12 295 68 70 70 
33 98 22 157 157 157 157 157 157 157 359 40 41 40 95 95 95 95 95 95 40 40 40 40 40 440 466 466 466 466 466 466 466 466 466 466 466 466 466 466 466 466 466 466 466 466 466 466 466 466 466 466 466 466 466 466 466 466 466 466 466 466 466 466 466 466 466 466 466 466 466 467 40 40 40 40 40 12 12 86 88 12 12 12 12 12 12 12 12 12 12 12 12 12 12 12 295 68 70 70 
33 70 22 157 157 157 157 157 157 157 359 40 41 40 95 95 95 95 95 95 40 40 40 40 40 440 466 466 466 466 466 466 466 466 466 466 466 466 466 466 466 466 466 466 466 466 466 466 466 466 466 466 466 466 466 466 466 466 466 466 466 466 466 466 466 466 466 466 466 466 466 467 40 40 40 40 40 12 12 86 88 12 12 12 12 12 12 12 12 12 12 12 12 12 12 12 295 68 70 70 
33 70 22 157 157 157 157 157 157 157 359 40 41 40 95 95 95 95 95 95 40 40 40 40 40 440 466 466 466 466 466 466 466 466 466 466 466 466 466 466 466 466 466 466 466 466 466 466 466 466 466 466 466 466 466 466 466 466 466 466 466 466 466 466 466 466 466 466 466 466 466 467 40 40 40 40 40 12 12 86 88 12 12 12 12 12 12 12 12 12 12 12 12 12 12 12 295 68 70 70 
33 70 359 157 157 157 157 157 157 157 359 40 41 40 95 95 95 95 95 95 40 40 40 40 40 440 466 466 466 466 466 466 466 466 466 466 466 466 466 466 466 466 466 466 466 466 466 466 466 466 466 466 466 466 466 466 466 466 466 466 466 466 466 466 466 466 466 466 466 466 466 467 40 40 40 40 40 12 12 86 88 12 12 12 12 12 12 12 12 12 12 12 12 12 12 12 295 68 70 70 
33 70 359 157 157 157 157 157 157 157 359 40 41 40 95 95 95 95 95 95 40 40 40 40 40 440 466 466 466 466 466 466 466 466 466 466 466 466 466 466 466 466 466 466 466 466 466 466 466 466 466 466 466 466 466 466 466 466 466 466 466 466 466 466 466 466 466 466 466 466 466 467 40 40 40 40 40 12 12 86 88 12 12 12 12 12 12 12 12 12 12 12 12 12 12 12 295 68 70 70 
33 70 22 157 157 157 157 157 157 157 359 40 41 40 95 95 95 95 95 95 40 40 40 40 40 440 466 466 466 466 466 466 466 466 466 466 466 466 466 466 466 466 466 466 466 466 466 466 466 466 466 466 466 466 466 466 466 466 466 466 466 466 466 466 466 466 466 466 466 466 466 467 40 40 40 40 40 12 12 86 88 12 12 12 12 12 12 12 12 12 12 12 12 12 12 12 295 68 70 70 
33 70 148 157 157 157 157 157 157 157 148 40 41 40 95 95 95 95 95 95 40 40 40 40 40 440 466 466 466 466 466 466 466 466 466 466 466 466 466 466 466 466 466 466 466 466 466 466 466 466 466 466 466 466 466 466 466 466 466 466 466 466 466 466 466 466 466 466 466 466 466 467 40 40 40 40 40 12 12 87 295 295 295 295 295 295 295 295 295 295 295 295 295 295 295 295 295 68 70 70 
33 98 148 157 157 157 157 157 157 157 148 40 41 40 95 95 95 95 95 95 40 40 40 40 40 440 466 466 466 466 466 466 466 466 466 466 466 466 466 466 466 466 466 466 466 466 466 466 466 466 466 466 466 466 466 466 466 466 466 466 466 466 466 466 466 466 466 466 466 466 466 467 40 40 40 40 40 12 12 393 91 91 91 91 91 91 91 91 91 91 91 91 91 91 91 91 296 449 70 70 
33 98 148 157 157 157 157 157 157 157 148 40 41 40 95 95 95 95 95 95 40 40 40 40 40 440 466 466 466 466 466 466 466 466 466 466 466 466 466 466 466 466 466 466 466 466 466 466 466 466 466 466 466 466 466 466 466 466 466 466 466 466 466 466 466 466 466 466 466 466 466 467 40 40 40 40 40 12 12 70 70 70 70 70 70 70 70 70 70 70 70 70 70 70 70 70 70 70 70 70 
33 98 148 157 157 157 157 157 157 157 148 40 41 40 95 95 95 95 95 95 40 40 40 40 40 440 466 466 466 466 466 466 466 466 466 466 466 466 466 466 466 466 466 466 466 466 466 466 466 466 466 466 466 466 466 466 466 466 466 466 466 466 466 466 466 466 466 466 466 466 466 467 40 40 40 40 40 12 12 70 70 70 70 70 70 70 70 70 70 70 70 70 70 70 70 70 70 70 70 70 
33 98 148 157 157 157 157 157 157 157 148 40 41 40 95 95 95 95 95 95 40 40 40 40 40 440 466 466 466 466 466 466 466 466 466 466 466 466 466 466 466 466 466 466 466 466 466 466 466 466 466 466 466 466 466 466 466 466 466 466 466 466 466 466 466 466 466 466 466 466 466 467 40 40 40 40 40 12 12 12 12 344 131 131 131 341 340 124 124 124 124 124 124 124 129 12 12 12 14 14 
33 98 148 157 157 157 157 157 157 157 148 40 41 40 95 95 95 95 95 95 40 40 40 40 40 440 466 466 466 466 466 466 466 466 466 466 466 466 466 466 466 466 466 466 466 466 466 466 466 466 466 466 466 466 466 466 466 466 466 466 466 466 466 466 466 466 466 466 466 466 466 467 40 40 40 40 40 12 12 12 344 131 131 131 131 340 124 124 124 124 124 124 124 124 129 12 12 12 14 14 
33 98 148 157 157 157 157 157 157 157 148 40 41 40 95 95 95 95 95 95 40 40 40 40 40 440 466 466 466 466 466 466 466 466 466 466 466 466 466 466 466 466 466 466 466 466 466 466 466 466 466 466 466 466 466 466 466 466 466 466 466 466 466 466 466 466 466 466 466 466 466 467 40 40 40 40 40 12 12 12 133 133 133 294 133 337 124 124 124 124 124 124 124 124 129 12 12 12 14 14 
33 98 148 148 148 148 148 148 148 148 148 40 41 40 95 95 95 95 95 95 40 40 40 40 40 440 466 466 466 466 466 466 466 466 466 466 466 466 466 466 466 466 466 466 466 466 466 466 466 466 466 466 466 466 466 466 466 466 466 466 466 466 466 466 466 466 466 466 466 466 466 467 40 40 40 40 40 12 12 12 133 133 133 133 133 337 124 124 124 124 124 124 124 124 129 12 12 12 14 14 
33 98 304 304 304 304 107 107 107 107 304 40 41 40 95 95 95 95 95 95 40 40 40 40 40 440 466 466 466 466 466 466 466 466 466 466 466 466 466 466 466 466 466 466 466 466 466 466 466 466 466 466 466 466 466 466 466 466 466 466 466 466 466 466 466 466 466 466 466 466 466 467 40 40 40 40 40 12 12 12 133 133 133 133 133 337 124 124 126 126 126 126 126 126 129 12 12 12 12 12 
33 98 98 98 98 98 98 98 98 98 98 40 41 40 95 95 95 95 95 95 40 40 40 40 40 440 466 466 466 466 466 466 466 466 466 466 466 466 466 466 466 466 466 466 466 466 466 466 466 466 466 466 466 466 466 466 466 466 466 466 466 466 466 466 466 466 466 466 466 466 466 467 40 40 40 40 40 12 12 12 133 133 133 133 133 337 124 124 126 126 126 126 126 126 129 12 12 12 12 12 
33 98 98 98 98 98 98 98 98 98 98 40 41 40 95 95 95 95 95 95 40 40 40 40 40 440 466 466 466 466 466 466 466 466 466 466 466 466 466 466 466 466 466 466 466 466 466 466 466 466 466 466 466 466 466 466 466 466 466 466 466 466 466 466 466 466 466 466 466 466 466 467 40 40 40 40 40 12 12 12 133 133 133 133 133 337 124 124 126 126 126 126 126 126 129 12 12 12 12 12 
33 98 98 98 98 98 98 98 98 98 98 40 41 40 95 95 95 95 95 95 40 40 40 40 40 440 466 466 466 466 466 466 466 466 466 466 466 466 466 466 466 466 466 466 466 466 466 466 466 466 466 466 466 466 466 466 466 466 466 466 466 466 466 466 466 466 466 466 466 466 466 467 40 40 40 40 40 12 12 12 133 133 133 294 133 337 126 126 126 126 126 126 126 126 129 12 12 12 12 12 
33 70 70 98 98 98 98 98 98 98 98 40 41 40 95 95 95 95 95 95 40 40 40 40 40 440 466 466 466 466 466 466 466 466 466 466 466 466 466 466 466 466 466 466 466 466 466 466 466 466 466 466 466 466 466 466 466 466 466 466 466 466 466 466 466 466 466 466 466 466 466 467 40 40 40 40 40 12 12 12 133 133 133 133 133 337 124 124 124 124 124 124 124 126 129 12 12 12 12 12 
33 70 98 98 98 98 98 98 98 98 98 40 41 40 95 95 95 95 95 95 40 40 40 40 40 440 466 466 466 466 466 466 466 466 466 466 466 466 466 466 466 466 466 466 466 466 466 466 466 466 466 466 466 466 466 466 466 466 466 466 466 466 466 466 466 466 466 466 466 466 466 467 40 40 40 40 40 12 12 12 133 133 133 133 133 337 124 124 124 124 124 124 124 126 129 12 12 12 12 12 
238 70 70 98 98 98 98 98 98 98 98 40 41 40 95 95 95 95 95 95 40 40 40 40 40 440 466 466 466 466 466 466 466 466 466 466 466 466 466 466 466 466 466 466 466 466 466 466 466 466 466 466 466 466 466 466 466 466 466 466 466 466 466 466 466 466 466 466 466 466 466 467 40 40 40 40 40 12 12 12 133 133 133 133 133 337 124 124 124 124 124 124 124 126 129 12 12 12 12 12 
238 98 70 98 98 98 98 98 98 98 98 40 41 40 95 95 95 95 95 95 40 40 40 40 40 440 466 466 466 466 466 466 466 466 466 466 466 466 466 466 466 466 466 466 466 466 466 466 466 466 466 466 466 466 466 466 466 466 466 466 466 466 466 466 466 466 466 466 466 466 466 467 40 40 40 40 40 12 12 12 133 133 133 133 133 337 124 124 124 124 124 124 124 126 129 12 12 12 12 12 
238 98 98 98 98 98 98 98 98 98 98 40 41 40 95 95 95 95 95 95 40 40 40 40 40 440 466 466 466 466 466 466 466 466 466 466 466 466 466 466 466 466 466 466 466 466 466 466 466 466 466 466 466 466 466 466 466 466 466 466 466 466 466 466 466 466 466 466 466 466 466 467 40 40 40 40 40 12 12 12 133 133 133 133 133 337 124 124 124 124 124 124 124 126 129 12 12 12 12 12 
238 98 98 98 98 98 98 98 98 98 98 40 41 40 95 95 95 95 95 95 40 40 40 40 40 440 466 466 466 466 466 466 466 466 466 466 466 466 466 466 466 466 466 466 466 466 466 466 466 466 466 466 466 466 466 466 466 466 466 466 466 466 466 466 466 466 466 466 466 466 466 467 40 40 40 40 40 12 12 12 133 133 133 133 133 337 124 124 124 124 124 124 124 126 129 14 12 12 12 12 
238 98 98 98 98 98 98 98 98 98 98 40 41 40 95 95 95 95 95 95 40 40 40 40 40 440 466 466 466 466 466 466 466 466 466 466 466 466 466 466 466 466 466 466 466 466 466 466 466 466 466 466 466 466 466 466 466 466 466 466 466 466 466 466 466 466 466 466 466 466 466 467 40 40 40 40 40 12 12 12 133 133 133 294 133 337 124 124 124 124 124 124 124 124 129 12 12 12 12 12 
238 98 98 98 98 98 98 98 98 98 98 40 41 40 95 95 95 95 95 95 40 40 40 40 40 440 466 466 466 466 466 466 466 466 466 466 466 466 466 466 466 466 466 466 466 466 466 466 466 466 466 466 466 466 466 466 466 466 466 466 466 466 466 466 466 466 466 466 466 466 466 467 40 40 40 40 40 12 12 12 133 133 133 133 133 337 124 124 124 124 124 124 124 124 129 12 12 12 12 12 
238 98 98 98 98 98 98 98 98 98 98 40 41 40 95 95 95 95 95 95 40 40 40 40 40 440 466 466 466 466 466 466 466 466 466 466 466 466 466 466 466 466 466 466 466 466 466 466 466 466 466 466 466 466 466 466 466 466 466 466 466 466 466 466 466 466 466 466 466 466 466 467 40 40 40 40 40 12 12 12 133 133 133 133 133 337 124 124 124 124 124 124 124 124 129 12 12 12 12 12 
238 98 98 98 98 98 98 98 98 98 98 40 41 40 95 95 95 95 95 95 40 40 40 40 40 440 466 466 466 466 466 466 466 466 466 466 466 466 466 466 466 466 466 466 466 466 466 466 466 466 466 466 466 466 466 466 466 466 466 466 466 466 466 466 466 466 466 466 466 466 466 467 40 40 40 40 40 12 12 12 133 133 133 133 133 337 124 124 124 124 124 124 124 124 129 12 12 12 12 12 
238 98 98 98 98 98 98 98 98 98 98 40 41 40 95 95 95 95 95 95 40 40 40 40 40 440 466 466 466 466 466 466 466 466 466 466 466 466 466 466 466 466 466 466 466 466 466 466 466 466 466 466 466 466 466 466 466 466 466 466 466 466 466 466 466 466 466 466 466 466 466 467 40 40 40 40 40 12 12 12 133 133 133 133 133 337 124 124 124 124 124 124 124 124 129 12 12 12 12 12 
238 98 98 98 98 98 98 98 98 98 98 40 41 40 95 95 95 95 95 95 40 40 40 40 40 440 466 466 466 466 466 466 466 466 466 466 466 466 466 466 466 466 466 466 466 466 466 466 466 466 466 466 466 466 466 466 466 466 466 466 466 466 466 466 466 466 466 466 466 466 466 467 40 40 40 40 40 12 12 12 133 133 133 133 133 337 124 124 124 124 124 124 124 124 129 12 12 12 12 12 
238 98 98 98 98 98 98 98 98 98 98 40 41 40 95 95 95 95 95 95 40 40 40 40 40 440 466 466 466 466 466 466 466 466 466 466 466 466 466 466 466 466 466 466 466 466 466 466 466 466 466 466 466 466 466 466 466 466 466 466 466 466 466 466 466 466 466 466 466 466 466 467 40 40 40 40 40 12 12 12 133 133 133 294 133 337 124 124 124 124 124 124 124 124 129 12 12 12 12 12 
238 98 98 98 98 98 98 98 98 98 98 40 41 40 95 95 95 95 95 95 40 40 40 40 40 440 466 466 466 466 466 466 466 466 466 466 466 466 466 466 466 466 466 466 466 466 466 466 466 466 466 466 466 466 466 466 466 466 466 466 466 466 466 466 466 466 466 466 466 466 466 467 40 40 40 40 40 12 12 12 133 133 133 133 133 337 124 124 124 124 124 124 124 124 129 12 12 12 12 12 
238 98 98 98 98 98 98 98 98 98 98 40 41 40 95 95 95 95 95 95 40 40 40 40 40 440 466 466 466 466 466 466 466 466 466 466 466 466 466 466 466 466 466 466 466 466 466 466 466 466 466 466 466 466 466 466 466 466 466 466 466 466 466 466 466 466 466 466 466 466 466 467 40 40 40 40 40 12 12 12 134 132 132 132 132 130 124 124 124 124 124 124 124 124 129 12 12 12 12 12 
238 98 98 98 98 98 98 98 98 98 98 40 41 40 95 95 95 95 95 95 40 40 40 40 40 440 466 466 466 466 466 466 466 466 466 466 466 466 466 466 466 466 466 466 466 466 466 466 466 466 466 466 466 466 466 466 466 466 466 466 466 466 466 466 466 466 466 466 466 466 466 467 40 40 40 40 40 12 12 12 162 134 132 132 132 132 130 124 124 124 124 124 124 124 129 12 12 12 12 12 
238 98 98 98 98 98 98 98 98 98 98 40 41 40 95 95 95 95 95 95 40 40 40 40 40 440 466 466 466 466 466 466 466 466 466 466 466 466 466 466 466 466 466 466 466 466 466 466 466 466 466 466 466 466 466 466 466 466 466 466 466 466 466 466 466 466 466 466 466 466 466 467 40 40 40 40 40 12 12 12 12 12 12 12 12 12 12 12 12 12 12 12 12 12 12 12 12 12 12 12 
238 98 98 98 98 98 98 98 98 98 98 40 41 40 95 95 95 95 95 95 40 40 40 40 40 440 466 466 466 466 466 466 466 466 466 466 466 466 466 466 466 466 466 466 466 466 466 466 466 466 466 466 466 466 466 466 466 466 466 466 466 466 466 466 466 466 466 466 466 466 466 467 40 40 40 40 40 12 12 12 12 12 12 12 12 12 12 12 12 12 12 12 12 12 12 12 12 12 12 12 
238 98 98 98 98 98 98 98 98 98 98 40 41 40 95 95 95 95 95 95 40 40 40 40 40 447 469 469 469 469 469 469 469 469 469 469 469 469 469 469 469 469 469 469 469 469 469 469 469 469 469 469 469 469 469 469 469 469 469 469 469 469 469 469 469 469 469 469 469 469 469 197 40 40 40 40 40 12 12 12 12 12 12 12 12 12 12 12 12 12 12 12 12 12 12 12 12 12 12 12 
238 98 98 98 98 98 98 98 98 98 98 40 41 40 95 95 95 95 95 95 40 40 40 40 40 40 40 40 40 40 40 40 40 40 40 40 40 40 40 40 40 40 40 40 40 40 40 40 40 40 40 40 40 40 40 40 40 40 40 40 40 40 40 40 40 40 40 40 40 40 40 40 40 40 40 40 40 12 12 12 12 12 12 12 12 12 12 12 12 12 12 12 12 12 12 12 12 12 12 12 
238 98 98 98 98 98 98 98 98 98 98 40 41 40 95 95 95 95 95 95 40 40 40 40 40 40 40 40 40 40 40 40 40 40 40 40 40 40 40 40 40 40 40 40 40 40 40 40 40 40 40 40 40 40 40 40 40 40 40 40 40 40 40 40 40 40 40 40 40 40 40 40 40 40 40 40 40 12 12 12 12 12 12 12 12 12 12 12 12 12 12 12 12 12 12 12 12 12 12 12 
238 98 98 98 98 98 98 98 98 98 98 40 41 40 95 95 95 95 95 95 40 40 40 40 40 40 40 40 40 40 40 40 40 40 40 40 40 40 40 40 40 40 40 40 40 40 40 40 40 40 40 40 40 40 40 40 40 40 40 40 40 40 40 40 40 40 40 40 40 40 40 40 40 40 40 40 40 12 12 12 12 12 12 12 12 12 12 12 12 12 12 12 12 12 12 12 12 12 12 12 
238 98 98 98 98 98 98 98 98 98 98 40 41 40 12 12 12 12 12 12 12 12 12 12 12 12 12 12 12 12 12 12 12 12 12 12 12 12 12 12 12 12 12 12 12 12 12 12 12 12 12 12 12 12 12 12 12 12 12 12 12 12 12 12 12 12 12 12 12 12 12 12 12 12 12 12 12 12 12 12 12 12 12 12 12 12 12 12 12 12 12 12 12 12 12 12 12 12 12 12 
238 98 98 98 98 98 98 98 98 98 98 40 41 40 12 12 12 12 12 12 12 12 12 12 12 12 12 12 12 12 12 12 12 12 12 12 12 12 12 12 12 12 12 12 12 12 12 12 12 12 12 12 12 12 12 12 12 12 12 12 12 12 12 12 12 12 12 12 12 12 12 12 12 12 12 12 12 12 12 12 12 12 12 12 12 12 12 12 12 12 12 12 12 12 12 12 12 12 12 12 
238 98 98 98 98 98 98 98 98 98 98 40 41 40 59 98 98 98 98 98 98 98 98 98 98 98 98 98 98 98 98 98 98 98 98 98 98 98 98 98 98 98 98 98 98 98 98 98 98 98 98 98 98 98 98 98 98 98 98 98 98 98 98 98 98 98 98 98 98 98 98 98 98 98 98 98 98 98 98 98 98 98 98 98 98 98 98 98 98 98 98 98 98 98 98 98 98 98 98 98 
238 98 98 98 98 98 98 98 98 98 98 40 41 40 59 59 98 98 98 98 98 98 98 98 98 98 98 98 98 98 98 98 98 98 98 98 98 98 98 98 98 98 98 98 98 98 98 98 98 98 98 98 98 98 98 98 98 98 98 98 98 98 98 98 98 98 98 98 98 98 98 98 98 98 98 98 98 98 98 98 98 98 98 98 98 98 98 98 98 98 98 98 98 98 98 98 98 98 98 98 
238 98 98 98 98 98 98 98 98 98 98 40 41 40 59 59 98 98 98 98 98 98 98 98 98 98 98 98 98 98 98 98 98 98 98 98 98 98 98 98 98 98 98 98 98 98 98 98 98 98 98 98 98 98 98 98 98 98 98 98 98 98 98 98 98 98 98 98 98 98 98 98 98 98 98 98 98 98 98 98 98 98 98 98 98 98 98 98 98 98 98 98 98 98 98 98 98 98 98 98 
238 98 98 98 98 98 98 98 98 98 98 40 41 40 59 59 98 98 98 98 98 98 98 98 98 98 98 98 98 98 98 98 98 98 98 98 98 98 98 98 98 98 98 98 98 98 98 98 98 98 98 98 98 98 98 98 98 98 98 98 98 98 98 98 98 98 98 98 98 98 98 98 98 98 98 98 98 98 98 98 98 98 98 98 98 98 98 98 98 98 98 98 98 98 98 98 98 98 98 98 
238 98 98 98 98 98 98 98 98 98 98 40 41 40 59 59 98 98 98 98 98 98 98 98 98 98 98 98 98 98 98 98 98 98 98 98 98 98 98 98 98 98 98 98 98 98 98 98 98 98 98 98 98 98 98 98 98 98 98 98 98 98 98 98 98 98 98 98 98 98 98 98 98 98 98 98 98 98 98 98 98 98 98 98 98 98 98 98 98 98 98 98 98 98 98 98 98 98 98 98 
238 98 98 98 98 98 98 98 98 98 98 40 41 40 59 59 98 98 98 98 98 98 98 98 98 98 98 98 98 98 98 98 98 98 98 98 98 98 98 98 98 98 98 98 98 98 98 98 98 98 98 98 98 98 98 98 98 98 98 98 98 98 98 98 98 98 98 98 98 98 98 98 98 98 98 98 98 98 98 98 98 98 98 98 98 98 98 98 98 98 98 98 98 98 98 98 98 98 98 98 
238 98 98 98 98 98 98 98 98 98 98 40 41 40 59 59 98 98 98 98 98 98 98 98 98 98 98 98 98 98 98 98 98 98 98 98 98 98 98 98 98 98 98 98 98 98 98 98 98 98 98 98 98 98 98 98 98 98 98 98 98 98 98 98 98 98 98 98 98 98 98 98 98 98 98 98 98 98 98 98 98 98 98 98 98 98 98 98 98 98 98 98 98 98 98 98 98 98 98 98 
238 98 98 98 98 98 98 98 98 98 98 40 41 40 59 59 98 98 98 98 98 98 98 98 98 98 98 98 98 98 98 98 98 98 98 98 98 98 98 98 98 98 98 98 98 98 98 98 98 98 98 98 98 98 98 98 98 98 98 98 98 98 98 98 98 98 98 98 98 98 98 98 98 98 98 98 98 98 98 98 98 98 98 98 98 98 98 98 98 98 98 98 98 98 98 98 98 98 98 98 
238 98 98 98 98 98 98 98 98 98 98 40 41 40 59 59 98 98 98 98 98 98 98 98 98 98 98 98 98 98 98 98 98 98 98 98 98 98 98 98 98 98 98 98 98 98 98 98 98 98 98 98 98 98 98 98 98 98 98 98 98 98 98 98 98 98 98 98 98 98 98 98 98 98 98 98 98 98 98 98 98 98 98 98 98 98 98 98 98 98 98 98 98 98 98 98 98 98 98 98 
238 98 98 98 98 98 98 98 98 98 98 40 41 40 59 59 98 98 98 98 98 98 98 98 98 98 98 98 98 98 98 98 98 98 98 98 98 98 98 98 98 98 98 98 98 98 98 98 98 98 98 98 98 98 98 98 98 98 98 98 98 98 98 98 98 98 98 98 98 98 98 98 98 98 98 98 98 98 98 98 98 98 98 98 98 98 98 98 98 98 98 98 98 98 98 98 98 98 98 98 
238 98 98 98 98 98 98 98 98 98 98 40 41 40 59 59 98 98 98 98 98 98 98 98 98 98 98 98 98 98 98 98 98 98 98 98 98 98 98 98 98 98 98 98 98 98 98 98 98 98 98 98 98 98 98 98 98 98 98 98 98 98 98 98 98 98 98 98 98 98 98 98 98 98 98 98 98 98 98 98 98 98 98 98 98 98 98 98 98 98 98 98 98 98 98 98 98 98 98 98 
238 98 98 98 98 98 98 98 98 98 40 40 41 40 40 40 40 40 40 40 40 40 40 40 40 40 40 40 40 40 40 40 40 40 40 40 40 40 40 40 40 40 40 40 40 40 40 40 40 40 40 40 40 40 40 40 40 40 40 40 40 40 40 40 40 40 40 40 40 40 40 40 40 40 40 40 40 40 40 40 40 40 40 40 40 40 40 40 40 40 40 40 40 40 40 40 40 40 40 40 
238 98 98 98 98 98 98 98 98 40 40 40 245 40 245 245 245 245 245 245 245 245 245 245 245 245 245 245 245 245 245 245 245 245 245 245 245 245 245 245 245 245 245 245 245 245 245 245 40 40 40 40 40 40 40 40 40 40 40 40 40 40 40 40 40 40 40 40 40 40 40 40 40 40 40 40 40 40 40 40 40 40 40 40 40 40 40 40 40 40 40 40 40 40 40 40 40 40 40 40 
238 98 98 98 98 98 98 98 40 40 40 40 41 186 186 186 186 186 186 186 186 186 186 186 186 186 186 186 186 186 186 186 186 186 186 186 186 186 186 186 186 186 186 186 186 186 186 186 186 186 186 186 186 186 186 186 186 186 186 186 186 186 186 186 186 186 186 186 186 186 186 186 186 186 186 186 186 186 186 186 186 186 186 186 186 186 186 186 186 186 186 186 186 186 186 186 186 186 186 186 
238 98 98 98 98 98 98 40 40 40 40 40 245 40 40 40 40 40 40 40 40 40 40 40 40 40 40 40 245 245 245 245 245 245 245 245 245 245 245 245 40 40 40 40 40 40 40 40 40 40 40 40 40 40 141 141 141 141 141 141 141 141 141 141 141 141 141 141 40 40 40 40 40 40 40 40 40 40 40 40 40 40 40 40 245 245 245 245 245 245 245 245 245 245 40 40 40 40 40 40 
238 98 98 98 98 98 40 40 40 40 40 40 245 40 245 245 245 245 245 245 245 245 245 245 245 245 245 245 245 245 245 245 245 245 245 245 245 245 245 245 245 245 245 245 245 245 245 245 245 245 245 245 245 245 141 141 141 141 141 245 245 245 245 245 245 245 245 245 245 245 245 245 245 245 245 245 245 245 245 245 245 245 245 245 245 245 245 245 245 245 245 245 245 245 245 245 245 245 245 245 
238 98 98 98 98 40 40 40 40 40 40 40 245 40 59 98 98 98 98 98 98 98 107 107 107 107 107 107 107 107 107 98 98 98 98 98 98 98 98 98 98 98 98 98 98 98 98 98 98 98 98 98 98 98 98 98 98 98 98 98 98 98 98 98 98 98 98 98 98 98 98 98 98 98 98 98 98 98 98 98 98 98 98 98 98 98 98 98 98 98 98 98 98 98 98 98 98 98 98 98 
238 98 98 98 40 40 40 245 245 245 40 40 141 40 59 98 98 98 98 98 98 107 98 98 98 98 98 98 98 98 98 98 98 98 98 98 98 98 98 98 98 98 98 98 98 98 98 98 98 98 98 98 98 98 98 98 98 98 98 98 98 98 98 98 98 98 98 98 98 98 98 98 98 98 98 98 98 98 98 98 98 98 98 98 98 98 98 98 98 98 98 98 98 98 98 98 98 98 98 98 
238 98 98 40 40 40 40 40 40 40 40 40 141 40 59 59 98 98 98 98 98 98 98 98 98 98 98 98 98 98 98 98 98 98 98 98 98 98 98 98 98 98 98 98 98 98 98 98 98 98 98 98 98 98 98 98 98 98 98 98 98 98 98 98 98 98 98 98 98 98 98 98 98 98 98 98 98 98 98 98 98 98 98 98 98 98 98 98 98 98 98 98 98 98 98 98 98 98 98 98 
238 98 40 40 40 40 40 40 40 40 40 40 141 40 59 59 98 98 98 98 98 98 98 98 98 98 98 98 98 98 98 98 98 98 98 98 98 98 98 107 107 107 107 107 107 98 98 98 98 98 98 98 98 98 98 98 98 98 98 98 98 98 98 98 98 98 98 98 98 98 98 98 98 98 98 98 98 98 98 98 98 98 98 98 98 98 98 98 98 98 98 98 98 98 98 98 98 98 98 98 
238 40 40 40 40 40 40 40 40 40 40 245 141 40 59 59 98 98 98 98 107 107 107 107 107 107 107 107 107 107 107 107 107 107 107 107 107 107 107 107 107 107 107 107 107 107 107 107 107 107 107 107 98 98 98 98 98 98 98 98 98 98 98 98 98 98 98 98 98 98 98 98 98 98 98 98 98 98 98 98 98 98 98 98 98 98 98 98 98 98 98 98 98 98 98 98 98 98 98 98 
