227 227 227 227 227 227 227 227 227 227 227 227 227 227 227 227 227 227 227 227 227 227 227 227 227 227 227 227 227 227 227 227 227 227 227 227 227 227 227 227 227 227 227 227 227 227 227 227 227 227 227 227 227 227 227 227 227 227 227 227 227 227 227 227 227 227 227 227 227 227 227 227 227 227 227 227 227 227 227 227 227 227 227 227 227 227 227 227 227 227 227 227 227 227 227 227 227 227 227 227 
227 126 126 126 126 126 126 126 126 126 126 126 126 126 126 126 126 126 126 126 126 126 126 126 126 126 126 126 126 126 126 126 134 134 220 220 220 220 220 119 14 14 14 40 40 40 40 41 40 40 40 42 40 40 40 41 40 40 40 40 14 14 14 119 134 100 100 100 134 134 134 205 205 205 205 205 205 205 205 205 205 205 205 205 205 205 205 205 205 205 205 128 134 100 100 100 100 100 134 227 
227 126 126 126 126 126 126 126 126 126 126 126 126 126 126 126 126 126 126 126 126 126 126 126 126 126 126 126 126 126 126 126 134 134 220 220 220 220 220 119 14 14 14 40 40 40 40 41 40 40 40 42 40 40 40 41 40 40 40 40 14 14 14 119 134 100 100 100 134 134 134 205 100 100 100 100 100 205 205 205 205 100 100 100 100 100 100 100 100 205 205 128 134 100 100 100 100 100 134 227 
227 126 126 126 126 126 126 126 126 126 126 126 126 126 126 126 126 126 126 126 126 126 126 126 126 126 126 126 126 126 126 126 134 134 220 220 220 220 220 119 14 14 14 40 40 40 40 41 40 40 40 42 40 40 40 41 40 40 40 40 14 14 14 119 134 134 134 134 134 100 134 205 100 100 100 100 100 205 205 205 205 100 100 100 100 100 100 100 100 205 205 128 134 134 134 134 134 134 134 227 
227 126 126 126 126 126 126 126 126 126 126 126 126 126 126 126 126 126 126 126 126 126 126 126 126 126 126 126 126 126 126 126 134 134 220 220 220 220 220 119 14 14 14 40 40 40 40 41 40 40 40 42 40 40 40 41 40 40 40 40 14 14 14 119 134 134 134 134 134 100 134 205 100 100 100 100 100 205 205 100 205 100 100 100 100 100 100 100 100 205 205 128 134 134 134 134 134 134 134 227 
227 126 126 126 126 126 126 126 126 126 126 126 126 126 126 126 126 126 126 126 126 126 126 126 126 126 126 126 126 126 126 126 134 134 220 220 220 220 220 119 14 14 14 40 40 40 40 41 40 40 40 42 40 40 40 41 40 40 40 40 14 14 14 119 134 134 134 134 134 134 134 205 205 205 205 205 205 205 205 100 205 205 205 205 205 205 205 205 205 205 205 139 134 134 134 134 134 134 134 227 
227 126 126 126 126 126 126 126 126 126 126 126 126 126 126 126 126 126 126 126 126 126 126 126 126 126 126 126 126 126 126 126 134 134 220 220 220 220 220 119 14 14 14 40 40 40 40 41 40 40 40 42 40 40 40 41 40 40 40 40 14 14 14 14 14 14 14 14 14 14 14 14 14 14 14 14 14 14 14 14 14 14 14 14 14 14 14 14 14 14 14 14 14 14 14 14 14 14 14 227 
227 126 126 126 126 126 126 126 126 126 126 126 126 126 126 126 126 126 126 126 126 126 126 126 126 126 126 126 126 126 126 129 134 134 134 134 134 134 134 119 14 14 14 40 40 40 40 41 40 40 40 42 40 40 40 41 40 40 40 40 14 14 14 40 40 40 40 40 40 40 40 40 40 40 40 40 40 212 212 212 212 212 212 40 40 40 40 40 40 40 40 40 40 40 40 40 40 40 40 227 
227 126 126 126 126 126 126 126 126 126 126 126 126 126 126 126 126 126 126 126 126 126 126 126 126 126 129 129 129 129 129 129 134 134 134 134 134 134 134 119 14 14 14 40 40 40 40 41 40 40 40 42 40 40 40 41 40 40 40 40 14 14 14 40 40 40 40 40 40 40 40 40 40 40 40 40 40 40 40 40 40 40 40 40 40 40 40 40 40 40 40 40 40 40 40 40 40 40 40 227 
227 126 126 126 126 126 126 126 126 126 126 126 126 126 126 126 126 126 126 126 126 126 126 126 126 126 205 205 205 205 205 205 134 134 134 134 134 134 134 119 14 14 14 40 40 40 40 41 40 40 40 42 40 40 40 41 40 40 40 40 14 14 14 40 40 40 40 40 40 40 40 40 40 40 40 40 40 40 40 40 40 40 40 40 40 40 40 40 40 40 40 40 40 40 40 40 40 40 40 227 
227 126 126 126 126 126 126 126 126 126 126 126 126 126 126 126 126 126 126 126 126 126 126 126 126 126 205 205 205 205 205 205 134 134 134 134 134 134 134 119 14 14 14 40 40 40 40 41 40 40 40 42 40 40 40 41 40 40 40 40 14 14 14 40 40 40 40 40 40 40 40 40 40 40 40 40 40 40 40 40 40 40 40 40 40 40 40 40 40 40 40 40 40 40 40 40 40 40 40 227 
227 126 126 126 126 126 126 126 126 126 126 126 126 126 126 126 126 126 126 126 126 126 126 126 126 126 205 205 205 205 205 205 134 134 134 134 134 134 134 119 14 14 14 40 40 40 40 41 40 40 40 42 40 40 40 41 40 40 40 40 14 14 14 119 134 134 134 134 134 134 134 14 14 14 14 14 14 14 94 158 158 158 158 158 158 158 158 158 158 158 158 158 158 40 40 40 40 40 40 227 
227 126 126 126 126 126 126 126 126 126 126 126 126 126 126 126 126 126 126 126 126 126 126 126 126 126 205 205 112 205 205 205 134 134 134 134 112 134 134 119 14 14 14 40 40 40 40 41 40 40 40 42 40 40 40 41 40 40 40 40 14 14 14 119 134 134 134 134 134 134 134 126 126 126 126 126 126 126 94 158 158 158 158 158 158 158 158 158 158 158 158 158 158 40 40 40 40 40 40 227 
227 126 126 126 126 126 126 126 126 126 126 126 126 126 126 126 126 126 126 126 126 126 126 126 126 126 205 205 112 205 205 205 134 134 134 134 112 134 134 119 14 14 14 40 40 40 40 41 40 40 40 42 40 40 40 41 40 40 40 40 14 14 14 119 134 134 134 134 134 134 134 126 126 126 126 126 126 126 94 158 158 158 158 158 158 158 158 158 158 158 158 158 158 40 40 40 40 40 40 227 
227 126 126 126 126 126 126 126 126 126 126 126 126 126 126 126 126 126 126 126 126 126 126 126 126 126 40 40 40 40 40 40 40 40 40 40 40 40 40 40 14 14 14 40 40 40 40 41 40 40 40 42 40 40 40 41 40 40 40 40 14 14 14 119 134 134 134 134 134 134 134 126 126 126 126 126 126 126 94 158 158 158 158 158 158 158 158 158 158 158 158 158 158 40 40 40 40 40 40 227 
227 126 126 126 126 126 126 126 126 126 126 126 126 126 126 126 126 126 126 126 126 126 126 126 126 126 40 40 40 40 40 40 40 40 40 40 40 40 40 40 14 14 14 40 40 40 40 41 40 40 40 42 40 40 40 41 40 40 40 40 14 14 14 119 134 134 134 134 134 134 134 126 126 126 126 126 126 126 94 158 158 158 158 158 158 158 158 158 158 158 158 158 158 40 40 40 40 40 40 227 
227 126 126 126 126 126 126 126 126 126 126 126 126 126 126 126 126 126 126 126 126 126 126 126 126 126 126 126 126 126 126 126 134 134 134 134 134 134 134 119 14 14 14 40 40 40 40 41 40 40 40 42 40 40 40 41 40 40 40 40 14 14 14 119 134 134 134 134 134 134 134 126 126 126 126 126 126 126 94 40 40 40 40 40 40 40 40 40 40 40 40 40 40 40 40 40 40 40 40 227 
227 126 126 126 126 126 126 126 126 126 126 126 126 126 126 126 126 126 126 126 126 126 126 126 126 126 126 126 126 126 126 126 134 134 134 134 134 134 134 119 14 14 14 40 40 40 40 41 40 40 40 42 40 40 40 41 40 40 40 40 14 14 14 119 134 134 134 134 134 134 134 126 126 126 126 126 126 126 94 40 40 40 40 40 40 40 40 40 40 40 40 40 40 40 40 40 40 40 40 227 
227 126 126 126 126 126 126 126 126 126 126 126 126 126 126 126 126 126 126 126 126 126 126 126 126 126 126 126 126 126 126 126 134 134 134 134 134 134 134 119 14 14 14 40 40 40 40 41 40 40 40 42 40 40 40 41 40 40 40 40 14 14 14 119 134 134 134 134 134 134 134 126 126 126 126 126 126 126 94 40 40 40 40 40 40 40 40 40 40 40 40 40 40 40 40 40 40 40 40 227 
227 126 126 126 126 126 126 126 126 126 126 126 126 126 126 126 126 126 126 126 126 126 126 126 126 126 126 126 126 126 126 126 134 134 134 134 134 134 134 119 14 14 14 40 40 40 40 41 40 40 40 42 40 40 40 41 40 40 40 40 14 14 14 119 134 134 134 134 134 134 134 126 126 126 126 126 126 126 94 158 158 158 158 158 158 158 158 158 158 158 158 158 158 40 40 40 40 40 40 227 
227 126 126 126 126 126 126 126 126 126 126 126 126 126 126 126 126 126 126 126 126 126 126 126 126 126 126 126 126 126 126 126 134 134 134 134 134 134 134 119 14 14 14 40 40 40 40 41 40 40 40 42 40 40 40 41 40 40 40 40 14 14 14 119 134 134 134 134 134 134 134 126 126 126 126 126 126 126 14 158 158 158 158 158 158 158 158 158 158 158 158 158 158 40 40 40 40 40 40 227 
227 126 126 126 126 126 126 126 126 126 126 126 126 126 126 126 126 126 126 126 126 126 126 126 126 126 126 126 126 126 126 126 134 134 134 134 134 134 134 119 14 14 14 40 40 40 40 41 40 40 40 42 40 40 40 41 40 40 40 40 14 14 14 119 134 134 134 134 134 134 134 126 126 126 126 126 126 126 14 158 158 158 158 158 158 158 158 158 158 158 158 158 158 40 40 40 40 40 40 227 
227 126 126 126 126 126 126 126 123 126 126 126 126 126 126 126 126 126 126 126 126 126 126 126 126 126 126 126 126 126 126 126 134 220 220 220 220 220 220 119 14 14 14 40 40 40 40 41 40 40 40 42 40 40 40 41 40 40 40 40 14 14 14 119 134 134 134 134 134 134 134 126 126 126 126 126 126 126 14 158 158 158 158 158 158 158 158 158 158 158 158 158 158 40 40 40 40 40 40 227 
227 126 126 126 126 126 126 126 125 126 126 126 126 126 126 126 126 126 126 126 126 126 126 126 126 126 126 126 126 126 126 126 134 220 220 220 220 220 220 119 14 14 14 40 40 40 40 41 40 40 40 42 40 40 40 41 40 40 40 40 14 14 14 119 134 134 134 134 134 134 134 126 126 126 126 126 126 126 14 158 158 158 158 158 158 158 158 158 158 158 158 158 158 40 40 40 40 40 40 227 
227 126 126 126 126 126 126 126 126 126 126 126 126 126 126 126 126 126 126 126 126 126 126 126 126 126 126 126 126 126 126 126 134 220 220 220 220 220 220 119 14 14 14 40 40 40 40 41 40 40 40 42 40 40 40 41 40 40 40 40 14 14 14 119 134 134 134 134 134 134 134 126 126 126 126 126 126 126 124 124 124 124 124 124 124 124 124 124 124 124 124 124 124 124 124 124 124 124 124 227 
227 126 126 126 126 126 126 126 126 126 126 126 126 126 126 126 126 126 126 126 126 126 126 126 126 126 126 126 126 126 126 126 134 220 220 220 220 220 220 119 14 14 14 40 40 40 40 41 40 40 40 42 40 40 40 41 40 40 40 40 14 14 14 119 134 134 134 134 134 134 134 126 126 126 126 126 126 126 124 124 124 124 124 124 124 124 124 124 124 124 124 124 124 124 124 124 124 124 124 227 
227 129 129 129 129 129 129 129 129 129 129 129 129 129 129 126 126 126 126 126 126 126 126 126 126 126 126 126 126 126 126 126 134 134 134 134 134 134 134 119 14 14 14 40 40 40 40 41 40 40 40 42 40 40 40 41 40 40 40 40 14 14 14 119 134 134 134 134 134 134 134 126 126 126 126 126 126 126 124 124 124 124 124 124 124 124 124 124 124 124 124 124 124 124 124 124 124 124 124 227 
227 134 132 134 134 134 134 134 134 134 134 134 134 134 133 126 126 126 126 126 126 126 126 126 126 126 126 126 126 126 126 126 134 134 134 134 134 134 134 119 14 14 14 40 40 40 40 41 40 40 40 42 40 40 40 41 40 40 40 40 14 14 14 119 205 205 205 205 205 205 205 126 126 126 126 126 126 126 124 124 124 124 124 124 124 124 124 124 124 124 124 124 124 124 124 124 124 124 124 227 
227 134 132 134 134 134 134 134 134 134 134 134 134 134 133 126 126 126 126 126 126 126 126 126 126 126 126 126 126 126 126 126 134 134 134 134 134 134 134 119 14 14 14 40 40 40 40 41 40 40 40 42 40 40 40 41 40 40 40 40 14 14 14 119 205 205 205 205 205 205 205 126 126 126 126 126 126 126 124 124 124 124 124 124 124 124 124 124 124 124 124 124 124 124 124 124 124 124 124 227 
227 134 132 134 134 134 134 134 134 134 134 134 134 134 133 126 126 126 126 126 126 126 126 126 126 126 126 126 126 126 126 126 134 134 134 134 134 134 134 119 14 14 14 40 40 40 40 41 40 40 40 42 40 40 40 41 40 40 40 40 14 14 14 119 205 205 205 205 205 205 205 126 126 126 126 126 126 126 124 124 124 124 124 124 124 124 124 124 124 124 124 124 124 124 124 124 124 124 124 227 
227 134 132 134 134 134 134 134 134 134 134 134 134 134 133 126 126 126 126 126 126 126 126 126 126 126 126 126 126 126 126 126 134 134 134 134 134 134 134 119 14 14 14 40 40 40 40 41 40 40 40 42 40 40 40 41 40 40 40 40 14 14 14 119 205 205 205 205 205 205 205 126 126 126 126 126 126 126 124 124 124 124 124 124 124 124 124 124 124 124 124 124 124 124 124 124 124 124 124 227 
227 134 132 134 134 134 134 134 134 134 134 134 134 134 133 126 126 126 126 126 126 126 126 126 126 126 126 126 126 126 126 126 134 134 134 134 134 134 134 119 14 14 14 40 40 40 40 41 40 40 40 42 40 40 40 41 40 40 40 40 14 14 14 119 205 205 205 205 205 205 205 126 126 126 126 126 126 126 124 124 124 124 124 124 124 124 124 124 124 124 124 124 124 124 124 124 124 124 124 227 
227 134 132 134 134 134 134 100 100 100 134 134 134 134 133 126 126 126 126 126 126 126 126 126 126 126 126 126 126 126 126 126 134 134 134 134 134 134 134 119 14 14 14 40 40 40 40 41 40 40 40 42 40 40 40 41 40 40 40 40 14 14 14 119 205 205 205 205 205 205 205 126 126 126 126 126 126 126 126 126 126 126 126 126 126 126 126 126 126 126 126 126 126 126 126 126 126 126 126 227 
227 134 132 134 134 134 134 100 100 100 134 134 134 134 133 119 119 119 119 119 119 119 119 119 119 119 119 119 119 119 119 119 119 119 119 119 119 119 119 119 14 14 14 40 40 40 40 41 40 40 40 42 40 40 40 41 40 40 40 40 14 14 14 119 205 205 205 205 205 205 205 126 126 126 126 126 126 126 126 126 126 126 126 126 126 126 126 126 126 126 126 126 126 126 126 126 126 126 126 227 
227 134 132 134 134 134 134 100 100 100 134 134 134 134 133 222 222 222 222 222 222 14 14 14 14 14 14 14 14 14 14 14 14 14 14 14 14 14 14 119 14 14 14 40 40 40 40 41 40 40 40 42 40 40 40 41 40 40 40 40 14 14 14 119 205 205 205 205 205 205 205 126 126 126 126 126 126 126 126 126 126 126 126 126 126 126 126 126 126 126 126 126 126 126 126 126 126 126 126 227 
227 134 132 134 134 134 134 14 14 14 134 134 134 134 133 222 222 222 222 222 222 14 14 14 14 14 14 14 14 14 14 14 14 14 14 14 14 14 14 119 14 14 14 40 40 40 40 41 40 40 40 42 40 40 40 41 40 40 40 40 14 14 14 119 126 126 126 126 126 126 126 126 126 126 126 126 126 126 126 126 126 126 126 126 126 126 126 126 126 126 126 126 126 126 126 126 126 126 126 227 
227 134 132 134 134 134 134 14 212 14 134 134 134 134 133 222 222 222 222 222 222 14 14 235 234 14 14 14 14 14 14 14 14 14 14 14 14 14 14 119 14 14 14 40 40 40 40 41 40 40 40 42 40 40 40 41 40 40 40 40 14 14 14 119 126 126 126 126 126 126 126 126 126 126 126 126 126 126 126 126 126 126 126 126 126 126 126 126 126 126 126 126 126 126 126 126 126 126 126 227 
227 134 132 134 134 134 134 14 212 14 134 134 134 134 133 222 222 222 222 207 222 14 14 221 223 14 14 14 14 14 14 14 14 14 14 14 14 14 14 119 14 14 14 40 40 40 40 41 40 40 40 42 40 40 40 41 40 40 40 40 14 14 14 119 126 126 126 126 126 126 126 126 126 126 126 126 126 126 126 126 126 126 126 126 126 126 126 126 126 126 126 126 124 126 126 126 126 126 126 227 
227 134 135 134 134 134 134 14 212 14 134 134 134 134 136 222 222 222 222 222 222 14 14 221 223 14 14 14 14 14 14 14 14 14 14 14 14 14 14 119 14 14 14 40 40 40 40 41 40 40 40 42 40 40 40 41 40 40 40 40 14 14 14 119 126 126 126 126 126 123 126 126 126 126 126 126 126 126 126 126 126 126 126 126 126 126 126 126 126 126 126 126 126 126 126 126 126 123 126 227 
227 134 14 14 14 14 14 14 14 14 14 14 14 14 222 222 222 207 222 222 222 14 14 221 223 14 14 14 14 14 14 14 14 14 14 14 14 14 14 119 14 14 14 40 40 40 40 41 40 40 40 42 40 40 40 41 40 40 40 40 14 14 14 119 126 126 126 126 126 125 126 126 126 126 126 126 126 126 126 126 126 126 126 126 126 126 126 126 123 126 126 126 126 126 126 126 126 125 126 227 
227 134 14 14 14 14 14 14 14 14 14 14 14 14 14 222 222 222 222 222 222 14 14 221 223 14 14 14 14 14 14 14 14 14 14 14 14 14 14 119 14 14 14 40 40 40 40 41 40 40 40 42 40 40 40 41 40 40 40 40 14 14 14 119 126 126 126 126 126 126 126 126 126 126 126 126 126 126 126 126 126 126 126 126 126 126 126 126 125 126 126 126 126 126 126 126 126 126 126 227 
227 14 14 14 14 14 212 235 229 234 212 212 14 14 14 14 222 222 222 222 222 14 14 221 223 14 14 14 14 14 14 14 14 14 14 14 14 14 14 119 14 14 14 40 40 40 40 41 40 40 40 42 40 40 40 41 40 40 40 40 14 14 14 119 129 129 129 129 129 129 129 129 129 129 129 129 129 129 129 129 129 129 129 129 129 129 129 129 129 129 129 129 129 129 129 129 129 129 129 227 
227 14 14 14 212 212 212 226 225 224 212 212 212 14 14 14 14 222 222 207 222 14 14 221 223 14 14 14 14 14 14 14 14 14 14 14 14 14 14 119 14 14 14 40 40 40 40 41 40 40 40 42 40 40 40 41 40 40 40 40 14 14 14 119 132 134 134 134 134 134 134 134 134 134 134 134 134 134 134 134 134 134 134 134 134 134 134 134 134 134 134 134 134 134 134 134 134 134 134 227 
227 14 14 212 222 222 207 14 14 14 222 222 222 212 14 14 14 222 222 222 222 14 14 226 224 14 14 14 14 14 14 14 14 14 14 14 14 14 14 14 14 14 14 40 40 40 40 41 40 40 40 42 40 40 40 41 40 40 40 40 14 14 14 119 132 134 134 134 134 134 134 134 134 134 134 134 134 134 134 134 134 134 134 134 134 134 134 134 134 134 134 134 134 134 134 134 134 134 134 227 
227 14 212 222 14 14 14 14 222 14 14 14 14 222 212 14 14 222 222 222 222 14 14 235 229 229 229 229 229 229 229 229 234 14 14 212 212 212 212 212 14 14 14 40 40 40 40 41 40 40 40 42 40 40 40 41 40 40 40 40 14 14 14 119 132 134 134 134 134 134 134 134 134 134 134 134 134 134 134 134 134 134 134 134 134 134 134 134 134 134 134 134 134 134 134 134 134 134 134 227 
227 14 212 14 14 14 14 222 222 222 14 14 14 14 212 14 14 14 222 222 222 14 14 226 225 225 225 225 225 225 225 225 224 14 14 212 212 212 212 212 14 14 14 40 40 40 40 41 40 40 40 42 40 40 40 41 40 40 40 40 14 14 14 119 132 134 134 134 134 134 134 134 134 134 134 134 134 134 134 134 134 134 134 134 134 134 134 134 134 134 134 134 134 134 134 134 134 134 134 227 
227 14 14 14 14 14 14 14 14 14 14 14 14 14 14 14 14 14 14 14 14 14 14 14 14 14 14 14 14 14 14 14 14 14 14 14 14 14 14 67 14 14 14 40 40 40 40 41 40 40 40 42 40 40 40 41 40 40 40 40 14 14 14 119 132 134 134 134 134 134 134 134 134 134 134 134 134 134 134 134 134 134 134 134 134 134 134 134 134 134 134 134 134 134 134 134 134 134 134 227 
227 40 40 40 40 40 40 40 40 40 40 40 40 40 40 40 40 40 40 40 40 40 40 40 40 40 40 40 40 40 40 40 40 40 40 40 40 40 40 40 14 14 14 40 40 40 40 41 40 40 40 42 40 40 40 41 40 40 40 40 14 14 212 119 132 134 134 134 134 134 134 134 134 134 134 134 134 134 134 134 134 134 134 134 134 134 134 134 134 134 134 134 134 134 134 134 134 134 134 227 
227 40 40 40 40 40 40 40 40 40 40 40 40 40 40 40 40 40 40 40 40 40 40 40 40 40 40 40 40 40 40 40 40 40 40 40 40 40 40 40 14 14 14 40 40 40 40 41 40 40 40 42 40 40 40 41 40 40 40 40 14 14 212 119 132 134 134 134 134 134 134 134 134 100 100 100 100 100 134 100 100 100 100 100 100 134 100 100 100 100 100 134 134 134 134 134 100 100 100 227 
227 40 40 40 40 40 40 40 40 40 40 40 40 40 40 40 40 40 40 40 40 40 40 40 40 40 40 40 40 40 40 40 40 40 40 40 40 40 40 40 14 14 14 40 40 40 40 41 40 40 40 42 40 40 40 41 40 40 40 40 14 14 212 119 132 134 134 134 134 134 134 134 134 100 100 100 100 100 134 100 100 100 100 100 100 134 100 100 100 100 100 134 112 112 112 134 100 100 100 227 
227 40 40 40 40 40 40 40 40 40 40 40 40 40 40 40 40 40 40 40 40 40 40 40 40 40 40 40 40 40 40 40 40 40 40 40 40 40 40 40 14 14 14 40 40 40 40 41 40 40 40 42 40 40 40 41 40 40 40 40 14 14 212 119 132 134 134 134 134 134 134 134 134 100 100 100 100 100 134 100 100 100 100 100 100 134 100 100 100 100 100 134 112 112 112 134 100 100 100 227 
227 40 40 40 40 40 40 40 40 40 40 40 40 40 40 40 40 40 40 40 40 40 40 40 40 40 40 40 40 40 40 40 40 40 40 40 40 40 40 40 14 14 14 40 40 40 40 41 40 40 40 42 40 40 40 41 40 40 40 40 14 14 14 119 132 134 134 134 134 134 134 134 134 134 134 134 134 134 134 134 134 134 134 134 134 134 134 134 134 134 134 134 14 14 14 134 134 134 134 227 
227 40 40 40 40 40 40 40 40 40 40 40 40 40 40 40 40 40 40 40 40 40 40 40 40 40 40 40 40 40 40 40 40 40 40 40 40 40 40 40 14 14 14 40 40 40 40 41 40 40 40 42 40 40 40 41 40 40 40 40 14 14 14 67 213 14 14 14 14 14 14 14 14 14 14 14 14 14 14 14 14 14 14 14 14 14 14 14 14 14 14 14 14 14 14 14 14 14 14 227 
227 14 14 14 14 14 14 14 14 14 14 14 14 14 14 14 14 14 14 14 14 14 14 14 14 14 14 14 14 14 14 14 14 14 14 14 14 14 14 67 14 14 14 40 40 40 40 41 40 40 40 42 40 40 40 41 40 40 40 40 14 14 14 14 14 14 14 14 14 14 14 14 14 14 14 14 14 14 14 14 14 14 14 14 14 14 14 14 14 14 14 14 14 14 14 14 14 14 14 227 
227 14 14 14 14 14 14 14 14 14 14 14 14 14 14 14 14 14 14 14 14 14 14 14 14 14 14 14 14 14 14 14 14 14 14 14 14 14 14 14 14 14 14 40 40 40 40 41 40 40 40 42 40 40 40 41 40 40 40 40 14 14 14 14 14 14 14 14 14 14 14 14 14 14 14 14 14 14 14 14 14 14 14 14 14 14 14 14 14 14 14 14 14 14 14 14 14 14 14 227 
227 14 14 14 14 14 14 14 14 14 14 14 14 14 14 14 14 14 14 14 14 14 14 14 14 14 14 14 14 14 14 14 14 14 14 14 14 14 14 14 14 14 14 40 40 40 40 41 40 40 40 42 40 40 40 41 40 40 40 40 14 14 14 67 213 14 212 212 212 212 212 212 14 14 212 212 212 212 212 212 14 14 212 212 212 212 212 212 14 14 212 212 14 14 14 212 212 14 14 227 
227 222 14 14 14 213 14 14 14 14 14 213 14 14 14 222 14 14 14 14 14 14 14 14 14 14 14 14 14 14 14 14 14 14 14 14 14 14 14 14 14 14 14 40 40 40 40 41 40 40 40 42 40 40 40 41 40 40 40 40 14 14 14 40 40 40 40 40 40 40 40 40 40 40 40 40 40 40 40 40 40 40 40 40 40 40 40 40 40 40 40 40 40 40 40 40 40 40 40 227 
227 222 222 14 14 14 14 14 14 14 14 14 14 14 222 222 14 213 14 14 14 213 14 14 14 213 14 14 14 213 14 14 14 14 14 14 14 14 14 78 14 14 14 40 40 40 40 41 40 40 40 42 40 40 40 41 40 40 40 40 14 14 14 40 40 40 40 40 40 40 40 40 40 40 40 40 40 40 40 40 40 40 40 40 40 40 40 40 40 40 40 40 40 40 40 40 40 40 40 227 
227 207 222 222 222 14 14 14 14 14 14 14 222 222 222 222 14 14 14 14 14 14 14 14 14 14 14 14 14 14 14 14 14 14 14 14 14 14 14 78 14 14 14 40 40 40 40 41 40 40 40 42 40 40 40 41 40 40 40 40 14 14 14 40 40 40 40 40 40 40 40 40 40 40 40 40 40 40 40 40 40 40 40 40 40 40 40 40 40 40 40 40 40 40 40 40 40 40 40 227 
227 222 222 207 222 222 222 14 14 14 222 222 222 222 222 222 222 222 222 222 222 222 222 222 222 222 222 222 222 222 222 222 222 222 222 222 222 222 222 78 14 14 14 40 40 40 40 41 40 40 40 42 40 40 40 41 40 40 40 40 14 14 14 40 40 40 40 40 40 40 40 40 40 40 40 40 40 40 40 40 40 40 40 40 40 40 40 40 40 40 40 40 40 40 40 40 40 40 40 227 
227 222 222 222 222 222 222 14 14 14 222 222 207 222 222 222 222 207 207 222 222 222 222 222 222 222 222 222 222 222 222 222 222 222 222 207 222 222 222 78 14 14 14 40 40 40 40 41 40 40 40 42 40 40 40 41 40 40 40 40 14 14 14 40 40 40 40 40 40 40 40 40 40 40 40 40 40 40 40 40 40 40 40 40 40 40 40 40 40 40 40 40 40 40 40 40 40 40 40 227 
227 222 222 222 222 222 222 14 14 14 222 222 222 222 222 222 222 222 222 222 222 222 222 222 222 222 222 222 222 222 222 222 222 222 222 222 222 222 222 78 14 14 14 40 40 40 40 41 40 40 40 42 40 40 40 41 40 40 40 40 14 14 14 40 40 40 40 40 40 40 40 40 40 40 40 40 40 40 40 40 40 40 40 40 40 40 40 40 40 40 40 40 40 40 40 40 40 40 40 227 
227 126 126 126 126 126 126 126 126 126 126 126 126 126 126 126 126 126 126 126 126 126 126 126 126 126 126 126 126 126 126 222 222 222 222 222 222 222 222 78 14 14 14 40 40 40 40 41 40 40 40 42 40 40 40 41 40 40 40 40 14 14 14 40 40 40 40 40 40 40 40 40 40 40 40 40 40 40 40 40 40 40 40 40 40 40 40 40 40 40 40 40 40 40 40 40 40 40 40 227 
227 124 124 124 124 124 124 124 124 124 124 124 124 124 124 124 124 124 126 126 126 126 123 126 126 126 126 126 126 126 126 222 222 222 222 222 222 222 222 78 14 14 14 40 40 40 40 41 40 40 40 42 40 40 40 41 40 40 40 40 14 14 14 40 40 40 40 40 40 40 40 40 40 40 40 40 40 40 40 40 40 40 40 40 40 40 40 40 40 40 40 40 40 40 40 40 40 40 40 227 
227 124 124 124 124 124 124 124 124 124 124 124 123 124 124 124 124 124 126 126 126 126 125 126 126 126 126 126 126 126 126 222 222 207 222 207 222 222 222 78 14 14 14 40 40 40 40 41 40 40 40 42 40 40 40 41 40 40 40 40 14 14 14 40 40 40 40 40 40 40 40 40 40 40 40 40 40 40 40 40 40 40 40 40 40 40 40 40 40 40 40 40 40 40 40 40 40 40 40 227 
227 124 124 124 124 124 124 124 124 124 124 124 125 124 124 124 124 124 126 126 126 126 126 126 126 126 126 126 126 126 126 222 222 207 222 207 222 222 222 78 14 14 14 40 40 40 40 41 40 40 40 42 40 40 40 41 40 40 40 40 14 14 14 119 94 14 14 14 14 14 14 14 14 14 14 14 14 14 14 14 14 14 14 14 14 14 14 14 14 14 14 14 14 14 14 14 14 14 14 227 
227 124 124 124 124 124 124 124 124 124 124 124 124 124 124 124 124 124 126 126 126 126 126 126 126 126 126 126 126 126 126 222 222 222 222 222 222 222 222 78 14 14 14 40 40 40 40 41 40 40 40 42 40 40 40 41 40 40 40 40 14 14 14 14 14 14 14 14 14 14 14 14 14 14 14 14 14 14 14 14 14 14 14 14 14 14 14 14 14 14 14 14 14 14 14 14 14 14 14 227 
227 129 129 129 129 129 129 129 129 129 129 129 129 129 129 129 129 129 129 129 129 129 129 129 129 129 129 129 129 129 130 222 222 222 222 222 222 222 222 78 14 14 14 40 40 40 40 41 40 40 40 42 40 40 40 41 40 40 40 40 14 14 14 14 94 14 14 14 14 14 14 14 14 14 14 14 14 14 14 14 14 14 14 14 14 14 14 14 14 14 14 14 14 14 14 14 14 14 14 227 
227 134 134 134 134 134 134 134 134 134 134 134 134 134 134 134 134 134 134 134 134 134 134 134 134 134 134 134 134 134 133 222 222 222 222 222 222 222 222 78 14 14 14 40 40 40 40 41 40 40 40 42 40 40 40 41 40 40 40 40 14 14 14 94 94 94 94 94 126 126 126 126 126 126 126 126 126 126 126 126 126 126 126 126 126 126 126 126 126 126 126 126 126 126 126 126 126 126 126 227 
227 134 134 134 134 134 134 134 134 134 134 134 134 134 134 134 134 134 134 134 134 134 134 134 134 134 134 134 134 134 133 222 222 222 222 222 222 222 222 78 14 14 14 40 40 40 40 41 40 40 40 42 40 40 40 41 40 40 40 40 14 14 14 119 94 94 94 94 126 126 126 126 126 126 126 126 126 126 126 126 126 126 126 126 126 126 126 126 126 126 126 126 126 126 126 126 126 126 126 227 
227 134 134 134 134 134 134 134 134 134 134 134 134 134 134 134 134 134 134 134 134 134 134 134 134 134 134 134 134 134 133 222 222 222 222 222 222 222 222 78 14 14 14 40 40 40 40 41 40 40 40 42 40 40 40 41 40 40 40 40 14 14 14 94 94 94 94 94 126 126 126 126 126 126 126 126 126 126 126 126 126 126 126 126 126 126 126 126 126 126 126 126 126 126 126 126 126 126 126 227 
227 134 134 134 134 134 134 134 134 134 134 134 134 134 134 134 134 134 134 134 134 134 134 134 134 134 134 134 134 134 136 222 222 222 222 222 222 222 222 78 14 14 14 40 40 40 40 41 40 40 40 42 40 40 40 41 40 40 40 40 14 14 14 94 94 94 94 94 126 126 126 126 126 126 126 126 126 126 123 126 126 126 126 126 126 126 126 126 126 126 126 126 126 126 126 126 126 126 126 227 
227 126 126 126 126 126 126 126 126 126 126 126 126 126 126 126 126 126 126 126 126 126 126 119 222 222 222 222 222 222 222 222 222 222 222 222 207 222 222 78 14 14 14 40 40 40 40 41 40 40 40 42 40 40 40 41 40 40 40 40 14 14 14 94 94 94 94 126 126 126 126 126 126 126 126 126 126 126 125 126 126 126 126 126 126 126 126 126 126 126 123 126 126 126 126 126 126 126 126 227 
227 126 126 126 126 126 126 126 126 126 126 126 126 126 126 126 126 126 126 126 126 126 126 119 222 222 222 222 222 222 222 222 222 222 222 222 222 222 222 78 14 14 14 40 40 40 40 41 40 40 40 42 40 40 40 41 40 40 40 40 14 14 14 119 126 126 126 126 126 126 126 126 126 126 126 126 126 126 126 126 126 126 126 126 126 126 126 126 126 126 125 126 126 126 126 126 126 126 126 227 
227 126 126 126 126 126 126 126 126 126 126 126 126 126 126 126 126 126 126 126 126 126 126 119 222 222 222 222 222 222 222 207 222 222 222 222 222 222 222 78 14 14 14 40 40 40 40 41 40 40 40 42 40 40 40 41 40 40 40 40 14 14 14 126 126 126 126 126 126 126 126 126 126 126 126 126 126 126 126 126 126 126 126 126 126 126 126 126 126 126 126 126 126 126 126 126 126 126 126 227 
227 126 126 126 126 126 126 126 126 126 126 126 126 126 126 126 126 126 126 126 126 126 126 119 222 222 222 207 222 222 222 222 222 222 222 222 222 222 222 78 14 14 14 40 40 40 40 41 40 40 40 42 40 40 40 41 40 40 40 40 14 14 14 126 126 126 126 126 126 126 126 126 126 126 126 126 126 126 126 126 126 126 126 126 126 126 126 126 126 126 126 126 126 126 126 126 126 126 126 227 
227 126 126 126 126 126 126 126 126 126 126 126 126 126 126 126 126 126 126 126 126 126 126 119 222 222 222 222 222 222 222 222 222 222 222 222 207 222 222 78 14 14 14 40 40 40 40 41 40 40 40 42 40 40 40 41 40 40 40 40 14 14 14 126 126 126 126 126 126 126 126 126 126 126 126 126 126 126 126 126 126 126 126 126 126 126 126 126 126 126 126 126 126 126 126 126 126 126 126 227 
227 126 126 126 126 126 126 126 126 126 126 126 126 126 126 126 126 126 126 126 126 126 126 119 222 222 222 222 222 207 222 222 222 222 222 222 222 222 222 78 14 14 14 40 40 40 40 41 40 40 40 42 40 40 40 41 40 40 40 40 14 14 14 129 129 129 129 129 129 129 129 129 129 129 129 129 129 129 129 129 129 129 129 129 129 129 129 129 129 129 129 129 129 129 129 129 129 129 129 227 
227 126 126 126 126 126 126 126 126 126 126 126 126 126 126 126 126 126 126 126 126 126 126 119 222 222 222 222 222 222 222 222 222 222 222 222 222 222 222 78 14 14 14 40 40 40 40 41 40 40 40 42 40 40 40 41 40 40 40 40 14 14 14 119 126 126 126 126 126 126 126 126 126 126 126 126 126 126 126 126 126 126 126 126 126 126 126 126 126 126 126 126 126 126 126 126 126 126 126 227 
227 126 126 126 126 126 126 126 126 126 126 126 126 126 126 126 126 126 126 126 126 126 126 119 119 119 119 119 119 119 119 119 119 119 119 119 119 119 119 78 14 14 14 40 40 40 40 41 40 40 40 42 40 40 40 41 40 40 40 40 14 14 14 119 126 126 126 126 126 126 126 126 126 126 126 126 126 126 126 126 126 126 126 126 126 126 126 126 126 126 126 126 126 126 126 126 126 126 126 227 
227 126 126 126 126 126 126 126 126 126 126 126 126 126 126 126 126 126 126 126 126 126 126 126 126 126 126 126 126 126 126 126 126 126 126 126 126 126 126 78 14 14 14 16 16 16 16 16 16 16 16 16 16 16 16 16 16 16 16 16 14 14 14 119 126 126 126 126 126 126 126 126 126 126 126 126 126 126 126 126 126 126 126 126 126 126 126 126 126 126 126 126 126 126 126 126 126 126 126 227 
227 126 126 126 126 126 126 126 126 126 126 126 126 126 126 126 126 126 126 126 126 126 126 126 126 126 126 126 126 126 126 126 126 126 126 126 126 126 126 78 14 14 14 152 152 152 152 152 152 152 152 152 152 152 152 152 152 152 152 152 14 14 14 119 126 126 126 126 126 126 126 126 126 126 126 126 126 126 126 126 126 126 126 126 126 126 126 126 126 126 126 126 126 126 126 126 126 126 126 227 
227 126 126 126 126 126 126 126 126 126 126 126 126 126 126 126 126 126 126 126 126 126 126 126 126 126 126 126 126 126 126 126 126 126 126 126 126 126 126 78 14 14 14 40 40 40 40 41 40 40 40 42 40 40 40 41 40 40 40 40 14 14 14 119 126 126 126 126 126 126 126 126 126 126 126 126 126 126 126 126 126 126 126 126 126 126 126 126 126 126 126 126 126 126 126 126 126 126 126 227 
227 126 126 126 126 126 126 126 126 126 126 126 126 126 126 122 126 126 126 126 126 126 126 126 126 126 126 126 124 150 12 12 12 12 12 12 12 12 12 1 14 14 14 40 40 40 40 41 40 40 40 42 40 40 40 41 40 40 40 40 14 14 14 119 126 126 126 126 126 126 126 126 126 126 126 126 126 126 126 126 126 126 126 126 126 126 126 126 126 126 126 126 126 126 126 126 126 126 126 227 
227 126 126 126 126 126 126 126 126 126 126 126 126 126 126 122 126 126 126 126 126 126 126 126 126 126 126 126 124 206 12 183 194 12 12 12 12 12 12 216 14 14 14 40 40 40 40 41 40 40 40 42 40 40 40 41 40 40 40 40 14 14 14 119 126 126 126 126 126 126 126 126 126 126 126 126 126 126 126 126 126 126 126 126 126 126 126 126 126 126 126 126 126 126 126 126 126 126 126 227 
227 126 126 126 126 126 126 126 126 126 126 126 126 126 126 122 126 126 123 126 126 126 126 126 126 126 126 126 124 206 12 12 12 12 12 12 12 12 12 216 14 14 14 40 40 40 40 41 40 40 40 42 40 40 40 41 40 40 40 40 14 14 14 119 126 126 126 126 126 126 126 126 126 126 126 126 126 126 126 126 126 126 126 126 126 126 126 126 126 126 126 126 126 126 126 126 126 126 126 227 
227 126 126 126 126 126 126 126 126 126 126 126 126 126 126 122 126 126 125 126 126 126 126 126 126 126 126 126 124 161 12 12 12 12 12 12 12 12 12 23 14 14 14 40 40 40 40 41 40 40 40 42 40 40 40 41 40 40 40 40 14 14 14 119 126 126 126 126 126 126 126 126 126 126 126 126 126 126 126 126 126 126 126 126 126 126 126 126 126 126 126 126 126 126 126 126 126 126 126 227 
227 126 126 126 126 126 126 126 126 126 126 126 126 126 126 127 129 129 129 129 129 129 129 129 129 129 129 129 131 172 34 34 34 34 34 34 34 34 34 45 14 14 14 40 40 40 40 41 40 40 40 42 40 40 40 41 40 40 40 40 14 14 14 119 126 126 126 126 126 126 126 126 126 126 126 126 126 126 126 126 126 126 126 126 126 126 126 126 126 126 126 126 126 126 126 126 126 126 126 227 
227 126 126 126 126 126 126 126 126 126 126 126 126 126 126 132 134 134 134 134 134 134 134 134 134 134 134 134 133 56 67 67 67 67 67 67 67 67 67 78 14 14 14 40 40 40 40 41 40 40 40 42 40 40 40 41 40 40 40 40 14 14 14 119 126 126 126 126 126 126 126 126 126 126 126 126 126 126 126 126 126 126 126 126 126 126 126 126 126 126 126 126 126 126 126 126 126 126 126 227 
227 126 126 126 126 126 126 126 126 126 126 126 126 126 126 132 134 134 134 89 89 134 89 89 134 89 89 134 133 56 67 67 67 67 67 67 67 67 67 78 14 14 14 40 40 40 40 41 40 40 40 42 40 40 40 41 40 40 40 40 14 14 14 119 126 126 126 126 126 126 126 126 126 126 126 126 126 126 126 126 126 126 126 126 126 126 126 126 126 126 126 126 126 126 126 126 126 126 126 227 
227 129 129 129 129 129 129 129 129 129 129 129 129 129 130 132 134 134 134 134 134 134 134 134 134 134 134 134 133 56 67 119 119 119 119 119 67 67 67 78 14 14 14 40 40 40 40 41 40 40 40 42 40 40 40 41 40 40 40 40 14 14 14 119 126 126 126 126 126 126 126 126 126 126 126 126 126 126 126 126 126 126 126 126 126 126 126 126 126 126 126 126 126 126 126 126 126 126 126 227 
227 134 134 134 134 134 134 134 134 134 134 134 134 134 133 132 134 134 134 89 89 134 89 89 134 89 89 134 133 56 67 89 89 89 89 89 67 67 67 78 14 14 14 40 40 40 40 41 40 40 40 42 40 40 40 41 40 40 40 40 14 14 14 119 126 126 126 126 126 126 126 126 126 126 126 126 126 126 126 126 126 126 126 126 126 126 126 126 126 126 126 126 126 126 126 126 126 126 126 227 
227 134 134 134 134 134 134 134 134 134 134 134 134 134 133 132 134 100 134 89 89 134 89 89 134 89 89 134 133 56 67 89 89 89 89 89 67 100 67 78 14 14 14 40 40 40 40 41 40 40 40 42 40 40 40 41 40 40 40 40 14 14 14 119 126 126 126 126 126 126 126 126 126 126 126 126 126 126 126 126 126 126 126 126 126 126 126 126 126 126 126 126 126 126 126 126 126 126 126 227 
227 134 134 134 134 134 134 134 134 134 134 134 134 134 136 135 134 112 134 134 134 134 134 134 134 134 134 134 136 120 119 119 119 119 119 119 119 112 119 121 14 14 14 40 40 40 40 41 40 40 40 42 40 40 40 41 40 40 40 40 14 14 14 119 126 126 126 126 126 126 126 126 126 126 126 126 126 126 126 126 126 126 126 126 126 126 126 126 126 126 126 126 126 126 126 126 126 126 126 227 
227 70 70 70 70 70 70 70 70 70 70 70 70 70 70 14 14 14 14 14 14 14 70 70 70 70 70 70 70 14 14 14 14 14 14 14 14 14 14 14 14 14 14 40 40 40 40 41 40 40 40 42 40 40 40 41 40 40 40 40 14 14 14 119 126 126 126 126 126 126 126 126 126 126 126 126 126 126 126 126 126 126 126 126 126 126 126 126 126 126 126 126 126 126 126 126 126 126 126 227 
227 70 70 70 70 70 70 70 70 70 70 70 70 70 70 14 14 14 14 14 14 14 70 70 70 70 70 70 70 14 14 14 14 14 14 14 14 14 14 14 14 14 14 40 40 40 40 41 40 40 40 42 40 40 40 41 40 40 40 40 14 14 14 119 126 126 126 126 126 126 126 126 126 126 126 126 126 126 126 126 126 126 126 126 126 126 126 126 126 126 126 126 126 126 126 126 126 126 126 227 
227 40 40 40 40 40 40 40 40 40 40 40 40 40 40 40 40 40 40 40 40 40 40 40 40 40 40 40 40 40 40 40 40 40 40 40 40 40 40 40 40 40 40 40 40 40 40 41 40 40 40 42 40 40 40 41 40 40 40 40 14 14 14 119 126 126 126 126 126 126 126 126 126 126 126 126 126 126 126 126 126 126 126 126 126 126 126 126 126 126 126 126 126 126 126 126 126 126 126 227 
227 40 40 40 40 40 40 40 40 40 40 40 40 40 40 40 40 40 40 40 40 40 40 40 40 40 40 40 40 40 40 40 40 40 40 40 40 40 40 40 40 40 40 40 40 40 40 41 40 40 40 42 40 40 40 41 40 40 40 40 14 14 14 119 126 126 126 126 126 126 126 126 126 126 126 126 126 126 126 126 126 126 126 126 126 126 126 126 126 126 126 126 126 126 126 126 126 126 126 227 
227 40 40 40 40 40 40 40 40 40 40 40 40 40 40 40 40 40 40 40 40 40 40 40 40 40 40 40 40 40 40 40 40 40 40 40 40 40 40 40 40 40 40 40 40 40 40 41 40 40 40 42 40 40 40 41 40 40 40 40 14 14 14 119 126 126 126 126 126 126 126 126 126 126 126 126 126 126 126 126 126 126 126 126 126 126 126 126 126 126 126 126 126 126 126 126 126 126 126 227 
227 227 227 227 227 227 227 227 227 227 227 227 227 227 227 227 227 227 227 227 227 227 227 227 227 227 227 227 227 227 227 227 227 227 227 227 227 227 227 227 227 227 227 227 227 227 227 227 227 227 227 227 227 227 227 227 227 227 227 227 227 227 227 227 227 227 227 227 227 227 227 227 227 227 227 227 227 227 227 227 227 227 227 227 227 227 227 227 227 227 227 227 227 227 227 227 227 227 227 227 
