227 227 227 227 227 227 227 227 227 227 227 227 227 227 227 227 227 227 227 227 227 227 227 227 227 227 227 227 227 227 227 227 227 227 227 227 227 227 227 227 227 227 227 227 227 227 227 227 227 227 227 227 227 227 227 227 227 227 227 227 227 227 227 227 227 227 227 227 227 227 227 227 227 227 227 227 227 227 227 227 227 227 227 227 227 227 227 227 227 227 227 227 227 227 227 227 227 227 227 227 
227 0 206 163 50 50 50 50 50 163 163 216 122 126 125 126 126 126 126 126 126 126 126 126 124 70 70 70 97 97 97 97 86 88 88 88 88 88 88 88 88 88 69 98 98 98 70 97 97 97 97 97 59 179 179 153 179 179 42 179 142 153 142 142 42 142 142 221 207 207 207 223 142 142 42 142 142 41 142 142 42 142 40 41 142 142 22 14 14 210 14 14 14 210 14 14 14 210 14 227 
227 0 206 163 163 50 50 50 50 163 163 216 122 126 126 126 126 126 126 126 126 123 126 126 124 70 70 70 97 97 97 97 86 88 88 88 88 88 88 88 88 88 69 98 98 98 70 70 97 97 97 98 59 179 179 153 179 179 42 179 142 153 142 142 42 142 142 221 207 207 207 223 142 142 42 142 142 41 142 142 42 142 40 41 142 142 22 14 14 210 14 14 14 210 14 14 14 210 14 227 
227 0 206 163 163 163 163 163 163 163 163 216 122 126 126 126 126 126 126 126 126 125 126 126 124 70 70 70 97 97 97 97 86 88 88 88 88 88 88 88 88 88 69 98 98 98 70 70 97 97 97 98 59 179 179 153 179 179 42 179 142 153 142 142 42 142 142 221 207 207 207 223 142 142 42 142 142 41 40 40 42 142 40 41 142 142 22 14 14 210 14 14 14 210 14 14 14 210 14 227 
227 0 206 163 163 163 163 163 163 163 163 216 122 126 126 126 126 126 126 126 126 126 126 126 124 70 70 70 97 70 97 97 86 88 88 88 88 88 88 88 88 88 69 98 98 98 70 70 97 97 98 98 59 179 179 153 179 179 42 179 142 153 142 142 42 142 142 221 207 207 207 223 142 142 42 142 142 41 40 40 42 142 40 41 142 142 22 14 14 210 14 14 14 210 14 14 14 210 14 227 
227 0 206 163 163 163 163 163 163 163 163 216 122 126 126 126 126 126 126 126 126 126 126 126 124 70 70 70 97 97 97 97 86 88 88 88 88 88 88 88 88 88 69 98 98 98 70 97 97 98 98 98 59 179 179 153 179 179 42 179 142 153 142 142 42 142 142 221 207 207 207 223 142 142 42 142 142 41 40 142 42 142 40 41 142 142 22 14 14 210 14 14 14 210 14 14 14 210 14 227 
227 0 161 163 163 163 163 163 163 163 163 216 122 126 126 126 126 126 126 126 126 126 126 126 124 70 70 70 70 97 97 97 86 88 88 88 88 88 88 88 88 88 69 98 98 98 70 97 97 98 98 98 59 179 179 153 179 179 42 179 142 153 142 142 42 142 142 221 207 207 207 223 142 142 42 142 142 41 142 142 42 142 40 41 142 142 22 14 14 210 14 14 14 210 14 14 14 210 14 227 
227 111 172 34 34 34 34 34 34 34 34 45 127 129 129 129 129 129 129 129 129 129 129 129 131 97 70 70 70 97 97 97 86 88 88 88 88 88 88 88 88 88 69 98 98 98 70 70 97 98 98 98 59 179 179 153 179 179 42 179 142 153 142 142 42 142 142 221 207 207 207 223 142 142 42 142 142 41 142 142 42 142 40 41 142 142 22 14 14 211 14 14 14 211 14 14 14 211 14 227 
227 128 56 67 67 67 67 67 67 67 67 78 132 134 134 134 134 134 134 134 134 134 134 134 133 70 70 97 70 97 97 97 86 88 88 88 88 88 88 88 88 88 69 98 98 98 70 70 98 98 98 98 59 179 179 153 179 179 42 40 40 153 142 142 42 142 142 221 207 207 207 223 142 142 42 142 142 41 142 142 42 142 142 41 142 142 22 14 14 14 14 14 14 14 14 14 14 14 14 227 
227 128 56 89 89 67 67 67 67 89 89 78 132 89 89 134 134 134 134 134 134 134 89 89 133 70 70 97 97 97 97 97 86 88 88 88 88 88 88 88 88 88 69 98 98 98 70 70 98 98 98 98 59 40 179 153 179 179 42 40 40 153 142 142 42 142 142 221 207 207 207 223 142 142 42 142 142 41 142 142 42 142 142 41 142 142 22 14 14 14 163 163 163 163 163 163 163 163 50 227 
227 128 56 89 89 67 67 67 67 89 89 78 132 89 89 134 134 134 134 134 134 134 89 89 133 70 70 97 97 97 97 97 86 88 88 88 88 88 88 88 88 88 69 98 98 98 70 70 98 98 97 98 59 179 179 153 179 179 42 40 40 153 142 142 42 142 142 221 207 207 207 223 142 142 42 142 142 41 142 142 42 142 142 41 142 142 22 14 14 163 163 163 163 163 163 163 163 163 50 227 
227 128 56 67 67 67 67 67 67 67 67 78 132 134 134 134 134 134 134 134 134 134 134 134 133 70 70 70 97 97 97 70 86 88 88 88 88 88 88 88 88 88 69 98 98 98 70 70 98 98 97 98 59 179 179 153 179 179 42 40 40 153 142 142 42 142 142 221 207 207 207 223 142 142 42 142 142 41 142 142 42 142 142 41 142 142 22 80 50 209 50 50 50 209 50 50 50 209 50 227 
227 128 56 89 89 67 67 67 67 89 89 78 132 100 89 134 134 134 134 134 134 134 100 89 133 70 70 70 97 97 97 97 86 88 88 88 88 88 88 88 88 88 69 98 98 98 70 97 97 98 97 98 59 179 179 153 179 179 42 179 142 153 142 142 42 142 142 221 207 207 207 223 142 142 42 142 142 41 142 142 42 142 142 41 40 40 22 80 50 210 50 50 50 210 50 50 50 210 50 227 
227 128 56 89 89 67 67 67 67 89 89 78 132 100 89 134 134 134 134 134 134 134 100 89 133 70 70 70 97 97 97 97 86 88 88 88 88 88 88 88 88 88 69 98 98 98 70 97 98 98 97 98 59 179 40 153 179 179 42 179 142 153 142 142 42 142 142 221 207 207 207 223 142 142 42 142 142 41 142 142 42 142 142 41 40 40 22 80 50 210 50 50 50 210 50 50 50 210 50 227 
227 128 56 67 67 119 67 67 67 67 67 78 132 134 134 134 134 134 134 134 134 134 134 134 133 70 70 70 97 97 97 97 86 88 88 88 88 88 88 88 88 88 69 98 98 98 70 98 98 98 98 98 59 179 142 153 179 179 42 179 142 153 142 142 42 142 142 221 207 207 207 223 142 142 42 142 142 41 142 142 42 142 142 41 40 40 22 80 50 210 50 50 50 210 50 50 50 210 50 227 
227 128 56 67 67 67 67 67 119 119 67 78 132 134 134 134 134 134 134 134 134 134 134 134 133 70 70 70 97 97 97 97 86 88 88 88 88 88 88 88 88 88 69 98 98 98 70 70 97 98 98 98 59 40 142 153 40 40 42 179 142 153 142 142 42 40 40 221 207 207 207 223 142 142 42 142 142 41 142 142 42 142 142 41 40 40 22 80 50 210 50 50 50 210 50 50 50 210 50 227 
227 128 56 119 119 119 119 119 119 67 67 78 132 89 89 134 134 134 100 134 134 134 89 89 133 70 70 70 97 97 97 98 86 88 88 88 88 88 88 88 88 88 69 98 98 98 70 70 97 98 98 98 59 179 40 153 40 40 42 40 142 153 142 142 42 40 142 221 207 207 207 223 142 142 42 142 142 41 142 142 42 142 142 41 142 40 22 80 50 210 50 50 50 210 50 50 50 210 50 227 
227 128 56 67 67 67 100 100 67 67 67 78 132 134 134 134 134 134 112 134 134 134 134 134 133 70 70 70 97 97 97 97 86 88 88 88 88 88 88 88 88 88 69 98 98 98 70 70 99 99 99 99 59 40 179 153 40 40 42 40 142 153 142 142 42 142 142 221 207 207 207 223 142 142 42 142 142 41 142 142 42 142 142 41 142 142 22 80 50 210 50 50 50 210 50 50 50 210 50 227 
227 139 120 119 119 119 100 112 119 119 119 121 135 134 134 134 134 134 100 134 134 134 134 134 136 98 70 70 98 98 98 98 86 88 88 88 88 88 88 88 88 88 68 70 70 70 70 70 70 70 70 70 59 40 40 153 40 40 42 40 40 153 40 40 42 40 40 221 207 207 207 223 40 40 42 40 40 41 40 40 42 40 40 41 40 40 22 80 50 210 50 50 50 210 50 50 50 210 50 227 
227 14 14 14 14 14 14 14 14 14 14 14 14 97 97 97 97 97 97 97 97 97 97 97 97 97 70 70 97 97 97 97 86 88 88 88 88 88 88 88 88 88 68 70 70 70 70 70 70 70 70 70 59 40 40 153 40 40 42 40 40 153 40 40 42 40 40 221 207 207 207 223 40 40 42 40 40 41 40 40 42 40 40 41 40 40 22 80 50 210 50 50 50 210 50 50 50 210 50 227 
227 14 14 14 14 14 14 14 14 14 14 14 14 97 70 97 97 97 97 97 97 97 97 97 97 97 70 70 97 97 97 97 86 88 88 88 88 88 88 88 88 88 68 70 70 70 70 70 70 70 70 70 59 40 40 153 40 40 42 40 40 153 40 40 42 40 40 221 207 207 207 223 40 40 42 40 40 41 40 40 42 40 40 41 40 40 22 80 50 211 50 50 50 211 50 50 50 211 50 227 
227 14 14 14 14 14 14 14 14 14 14 14 14 97 70 97 97 97 97 97 97 97 97 97 97 97 70 70 97 97 97 97 86 88 88 88 88 88 88 88 88 88 68 70 70 70 70 70 70 70 70 70 59 40 40 153 40 40 42 40 40 153 40 40 42 40 40 221 207 207 207 223 40 40 42 40 40 41 40 40 42 40 40 41 40 40 22 80 163 163 163 163 163 163 163 163 163 80 163 227 
227 14 14 14 14 14 14 14 14 14 14 14 14 97 70 97 97 97 97 97 97 97 97 97 97 97 70 70 97 97 97 97 86 88 88 88 88 88 88 88 88 88 68 70 70 70 70 70 70 70 70 70 59 40 40 153 40 40 42 40 40 153 40 40 42 40 40 221 207 207 207 223 40 40 42 40 40 41 40 40 42 40 40 41 40 40 22 80 50 163 163 163 163 163 163 163 163 163 163 227 
227 14 14 14 14 14 14 14 14 14 14 14 14 97 70 97 97 97 97 97 97 97 97 97 97 97 70 70 97 97 97 70 86 88 88 88 88 88 88 88 88 88 68 70 70 70 70 70 70 70 70 70 59 40 40 153 40 40 42 40 40 153 40 40 42 40 40 221 207 207 207 223 40 40 42 40 40 41 40 40 42 40 40 41 40 40 22 80 50 163 163 163 163 163 163 163 163 163 163 227 
227 14 14 14 14 14 14 14 14 14 14 14 14 97 70 97 97 97 97 97 97 97 97 97 97 97 70 70 97 97 97 97 86 88 88 88 88 88 88 88 88 88 68 70 70 70 70 70 70 70 70 70 59 40 40 153 40 40 42 40 40 153 40 40 42 40 40 221 207 207 207 223 40 40 42 40 40 41 40 40 42 40 40 41 40 40 22 80 50 209 50 50 50 209 50 50 50 209 50 227 
227 14 14 14 14 14 14 14 14 14 14 14 14 97 70 97 97 97 97 97 97 97 97 97 97 97 70 70 97 97 97 97 86 88 88 88 88 88 88 88 88 88 68 70 70 70 70 70 70 70 70 70 59 40 40 153 40 40 42 40 40 153 40 40 42 40 40 221 207 207 207 223 40 40 42 40 40 41 40 40 42 40 40 41 40 40 22 80 50 210 50 50 50 210 50 50 50 210 50 227 
227 14 14 14 14 14 14 14 14 14 14 14 14 97 70 97 97 97 97 97 97 97 97 97 97 97 70 70 97 97 97 97 86 88 88 88 88 88 88 88 88 88 68 70 70 70 70 70 70 70 98 98 59 40 40 153 40 40 42 40 40 153 40 40 42 40 40 221 207 207 207 223 40 40 42 40 40 41 40 40 42 40 40 41 40 40 22 80 50 210 50 50 50 210 50 50 50 210 50 227 
227 14 14 14 14 14 14 14 14 14 14 14 14 97 70 97 97 97 97 97 97 97 97 97 97 70 70 70 97 97 97 97 86 88 88 88 88 88 88 88 88 88 69 98 98 98 70 70 98 98 98 98 59 40 40 153 40 40 42 40 40 153 40 40 42 40 40 221 207 207 207 223 40 40 42 40 40 41 40 40 42 40 40 41 40 40 22 80 50 210 50 50 50 210 50 50 50 210 50 227 
227 14 14 14 14 14 14 14 14 14 14 14 14 97 70 97 97 97 97 97 97 97 70 97 97 70 70 70 97 97 97 97 86 88 88 88 88 88 88 88 88 88 69 98 98 98 70 70 98 98 98 98 59 40 40 153 40 40 42 40 40 153 40 40 42 40 40 221 207 207 207 223 40 40 42 40 40 41 40 40 42 40 40 41 40 40 22 80 50 210 50 50 50 210 50 50 50 210 50 227 
227 14 14 14 14 14 14 14 14 14 14 14 14 97 70 97 97 97 97 70 70 70 97 97 97 97 70 70 97 97 97 97 86 88 88 88 88 88 88 88 88 88 69 98 98 98 70 70 98 98 98 98 59 40 40 153 40 40 42 40 40 153 40 40 42 40 40 221 207 207 207 223 40 40 42 40 40 41 40 40 42 40 40 41 40 40 22 80 50 210 50 50 50 210 50 50 50 210 50 227 
227 14 14 14 14 14 14 14 14 14 14 14 14 97 70 97 97 97 97 97 70 70 97 97 97 97 70 70 97 97 97 97 86 88 88 88 88 88 88 88 88 88 69 98 98 98 70 70 98 98 98 98 59 40 40 153 40 40 42 40 40 153 40 40 42 40 40 221 207 207 207 223 40 40 42 40 40 41 40 40 42 40 40 41 40 40 22 80 50 210 50 50 50 210 50 50 50 210 50 227 
227 14 14 14 14 14 14 14 14 14 14 14 14 97 97 97 97 97 97 97 97 70 70 97 97 97 70 70 97 97 97 97 86 88 88 88 88 88 88 88 88 88 69 98 98 98 70 70 98 98 98 98 59 40 40 153 40 40 42 40 40 153 40 40 42 40 40 221 207 207 207 223 40 40 42 40 40 41 40 40 42 40 40 41 40 40 22 80 50 210 50 50 50 210 50 50 50 210 50 227 
227 14 14 14 14 14 14 14 14 14 14 14 14 97 97 97 97 97 97 97 97 97 70 70 70 97 70 70 97 97 97 97 86 88 88 88 88 88 88 88 88 88 69 98 98 98 70 70 98 98 98 98 59 40 40 153 40 40 42 40 40 153 40 40 42 40 40 221 207 207 207 223 40 40 42 40 40 41 40 40 42 40 40 41 40 40 22 80 50 210 50 50 50 210 50 50 50 210 50 227 
227 14 14 14 14 14 14 14 14 14 14 14 14 97 97 97 97 97 97 97 97 97 97 97 97 97 70 70 97 97 97 97 86 88 88 88 88 88 88 88 88 88 69 98 98 98 70 70 98 98 98 98 59 40 40 153 40 40 42 40 40 153 40 40 42 40 40 221 207 207 207 223 40 40 42 40 40 41 40 40 42 40 40 41 40 40 22 80 50 211 50 50 50 211 50 50 50 211 50 227 
227 14 14 14 14 14 14 14 14 14 14 14 14 97 97 97 97 97 97 97 97 97 97 97 97 70 70 70 97 97 97 97 86 88 88 88 88 88 88 88 88 88 69 98 98 98 70 70 98 98 98 98 59 40 40 153 40 40 42 40 40 153 40 40 42 40 40 221 207 207 207 223 40 40 42 40 40 41 40 40 42 40 40 41 40 40 22 80 50 163 163 163 163 163 163 163 163 163 50 227 
227 14 14 14 14 14 14 14 14 14 14 14 14 97 70 97 97 97 97 97 97 97 97 97 97 97 70 70 97 97 97 97 86 88 88 88 88 88 88 88 88 88 69 98 98 98 98 98 98 98 98 98 59 40 40 153 40 40 42 40 40 153 40 40 42 40 40 221 207 207 207 223 40 40 42 40 40 41 40 40 42 40 40 41 40 40 22 80 50 163 50 50 163 163 163 163 163 163 50 227 
227 14 14 14 14 14 14 14 14 14 14 14 14 97 70 97 97 97 97 97 97 97 97 97 97 97 70 70 97 97 97 97 87 88 88 88 88 88 88 88 88 88 69 98 98 98 98 98 98 98 98 98 59 40 40 153 40 40 42 40 40 153 40 40 42 40 40 226 225 225 225 224 40 40 42 40 40 41 40 40 42 40 40 41 40 40 22 80 163 163 163 163 163 163 163 163 163 163 50 227 
227 14 14 14 14 14 14 14 14 14 14 14 14 97 70 97 97 97 97 97 97 70 70 70 70 70 70 70 70 70 70 70 86 88 88 88 88 88 88 88 88 88 69 98 98 98 98 98 98 98 98 98 59 16 16 16 16 16 16 16 16 16 16 16 16 16 16 16 16 16 16 16 16 16 16 16 16 16 16 16 16 16 16 16 16 16 22 80 50 209 50 50 50 209 50 50 50 209 50 227 
227 84 84 84 84 84 84 84 84 84 84 84 84 104 104 104 104 104 104 104 104 104 104 104 104 104 104 104 104 104 104 104 214 91 91 91 91 91 91 91 91 91 66 70 104 104 104 104 104 104 104 104 39 17 152 152 152 152 152 152 152 152 152 152 152 152 152 152 152 152 152 152 152 152 152 152 152 152 152 152 152 152 152 152 152 152 22 80 50 210 50 50 50 210 50 50 50 210 50 227 
227 40 40 40 40 40 40 40 40 40 40 40 40 40 40 40 40 40 40 40 40 40 40 40 40 40 40 40 40 40 40 40 40 40 40 40 40 40 40 40 40 40 40 40 40 40 40 40 40 40 40 40 40 17 215 40 40 40 40 40 40 40 40 40 40 40 40 40 40 40 40 40 40 40 40 40 40 40 40 40 40 40 40 40 40 40 22 80 50 210 50 50 50 210 50 50 50 210 50 227 
227 40 40 40 40 40 40 40 40 40 142 142 142 142 142 142 142 40 40 40 40 40 40 40 40 40 40 40 40 40 40 40 40 40 40 40 40 40 40 40 40 40 40 40 40 40 40 40 40 40 40 40 40 17 215 40 40 40 40 40 40 40 40 40 40 40 40 40 40 40 40 40 40 40 40 40 40 40 40 40 40 40 40 40 40 40 22 80 50 210 50 50 50 210 50 50 50 210 50 227 
227 187 187 187 187 187 187 187 187 187 187 187 187 187 187 187 187 187 187 187 187 187 187 187 187 187 187 187 187 187 187 187 187 187 187 187 187 187 187 187 187 187 187 187 187 187 187 187 187 187 187 187 187 17 215 40 40 40 40 40 40 40 40 40 40 40 40 40 40 40 40 40 40 40 40 40 40 40 40 40 40 40 40 40 40 40 22 80 50 210 50 50 50 210 50 50 50 210 50 227 
227 40 40 40 40 40 40 40 40 40 40 40 40 40 40 40 40 40 40 40 40 40 40 40 40 40 40 40 40 40 40 40 40 40 40 40 40 40 40 40 40 40 40 40 40 40 40 40 40 40 40 40 40 17 215 40 40 40 40 40 40 40 40 40 40 40 40 40 40 40 40 40 40 40 40 40 40 40 40 40 40 40 40 40 40 40 22 80 50 210 50 50 50 210 50 50 50 210 50 227 
227 142 142 142 142 142 142 40 40 40 40 40 40 40 40 40 40 40 40 40 40 40 40 40 40 40 40 40 40 40 40 40 40 40 40 40 40 40 40 40 40 40 40 40 40 40 40 40 40 40 40 40 40 17 215 40 40 40 40 40 40 40 40 40 40 40 40 40 40 40 40 40 40 40 40 40 40 40 40 40 40 40 40 40 40 40 22 80 50 210 50 50 50 210 50 50 50 210 50 227 
227 171 171 171 171 171 171 171 171 171 171 171 171 171 171 171 171 171 171 171 171 171 171 171 171 171 171 171 171 171 171 171 171 171 171 171 171 171 171 171 171 171 171 171 171 171 171 171 171 171 196 142 142 17 215 40 40 40 40 40 40 40 40 40 40 40 40 40 40 40 40 40 40 40 40 40 40 40 40 40 40 40 40 40 40 40 22 80 50 210 50 50 50 210 50 50 50 210 50 227 
227 158 175 158 175 158 158 175 158 158 158 175 158 158 158 175 158 158 158 158 158 158 158 175 158 175 158 158 158 158 158 175 158 158 158 158 175 158 158 158 158 158 158 175 158 158 175 158 158 175 197 195 195 17 215 40 40 40 40 40 40 40 40 40 40 40 40 40 40 40 40 40 40 40 40 40 40 40 40 40 40 40 40 40 40 40 22 80 50 210 50 50 50 210 50 50 50 210 50 227 
227 170 170 170 170 170 170 170 170 170 170 170 170 170 170 170 170 170 170 170 170 170 170 170 170 170 170 170 170 170 170 170 170 170 170 170 170 170 170 170 170 170 170 170 170 170 170 170 170 170 198 142 40 17 215 40 40 40 40 40 40 40 40 40 40 40 40 40 40 40 40 40 40 40 40 40 40 40 40 40 40 40 40 40 40 40 22 80 50 211 50 50 50 211 50 50 50 211 50 227 
227 142 142 142 142 142 142 142 142 142 142 142 142 142 142 142 142 142 142 142 142 142 142 142 142 142 142 142 142 142 142 142 142 142 142 142 142 142 142 142 142 142 142 142 142 142 142 142 142 142 142 142 142 17 215 40 40 40 40 40 40 40 40 40 40 40 40 40 40 40 40 40 40 40 40 40 40 40 40 40 40 40 40 40 40 40 22 80 50 163 163 163 163 163 163 163 163 163 50 227 
227 40 40 40 40 40 40 40 40 40 142 142 142 142 142 142 142 40 40 40 40 40 40 40 40 40 40 40 40 40 40 40 40 40 40 40 40 40 40 40 40 142 142 142 142 142 40 40 40 40 40 40 40 17 215 40 40 40 40 40 40 40 40 40 40 40 40 40 40 40 40 40 40 40 40 40 40 40 40 40 40 40 40 40 40 40 22 80 163 163 163 163 163 163 163 163 163 163 50 227 
227 142 40 40 40 40 40 40 40 40 40 40 40 40 40 40 40 40 40 40 40 142 142 142 142 142 142 142 40 40 40 40 40 40 40 40 40 40 40 40 40 40 40 40 40 40 40 40 40 40 40 40 40 17 215 40 40 40 40 40 40 40 40 40 40 40 40 40 40 40 40 40 40 40 40 40 40 40 40 40 40 40 40 40 40 40 22 80 50 163 163 163 163 163 163 163 163 163 50 227 
227 187 187 187 187 187 187 187 187 187 187 187 187 187 187 187 187 187 187 187 187 187 187 187 187 187 187 187 187 187 187 187 187 187 187 187 187 187 187 187 187 187 187 187 187 187 187 187 187 187 187 187 187 17 215 142 142 40 40 40 40 40 40 40 40 40 40 40 40 40 40 40 40 40 40 40 40 40 40 40 40 40 40 40 40 40 22 80 50 209 50 50 50 209 80 50 50 209 50 227 
227 142 40 40 142 142 40 40 40 40 40 40 40 40 40 40 40 40 40 40 40 40 40 40 40 40 40 40 40 40 40 40 40 40 40 40 40 40 40 40 40 40 40 40 40 40 40 40 40 40 40 40 40 17 215 40 142 40 40 40 40 40 40 40 40 40 40 40 40 40 40 40 40 40 40 40 40 40 40 40 40 40 40 40 40 40 22 80 50 210 50 50 50 210 50 50 50 210 50 227 
227 142 142 40 40 142 142 142 142 142 142 142 142 142 142 142 142 142 142 40 40 40 40 40 142 142 142 142 142 142 40 142 142 142 142 142 142 142 142 142 40 40 40 40 40 40 40 40 40 40 40 40 40 17 215 40 40 40 40 40 40 40 40 40 40 40 40 40 40 40 40 40 40 40 40 40 40 40 40 40 40 40 40 40 40 40 22 80 50 210 50 50 50 210 50 50 50 210 50 227 
227 142 142 142 142 142 142 142 142 142 142 142 142 142 142 142 142 142 142 142 142 142 142 142 142 142 142 142 142 142 142 142 142 142 142 142 142 142 142 142 142 142 142 142 142 142 142 142 142 142 142 142 142 17 215 40 40 40 40 40 40 40 40 40 40 40 40 40 40 40 40 40 40 40 40 40 40 40 40 40 40 40 40 40 40 40 22 80 50 210 50 50 50 210 50 50 50 210 50 227 
227 171 171 171 171 171 171 171 171 171 171 171 171 171 171 171 171 171 171 171 171 171 171 171 171 171 171 171 171 171 171 171 171 171 171 171 171 171 171 171 171 171 171 171 171 171 171 171 171 171 196 142 142 17 215 40 40 40 40 40 40 40 40 40 40 40 40 40 40 40 40 40 40 40 40 40 40 40 40 40 40 40 40 40 40 40 22 80 50 210 50 50 50 210 50 50 50 210 50 227 
227 175 158 158 158 158 158 175 175 158 158 158 158 158 175 175 158 158 158 158 175 158 158 158 158 158 175 175 158 158 158 158 158 158 158 175 175 175 158 158 158 158 175 158 158 158 158 175 158 158 197 195 195 17 215 40 40 40 40 40 40 40 40 40 40 40 40 40 40 40 40 40 40 40 40 40 40 40 40 40 40 40 40 40 40 40 22 80 50 210 50 50 50 210 50 50 50 210 50 227 
227 170 170 170 170 170 170 170 170 170 170 170 170 170 170 170 170 170 170 170 170 170 170 170 170 170 170 170 170 170 170 170 170 170 170 170 170 170 170 170 170 170 170 170 170 170 170 170 170 170 198 142 142 17 215 40 40 40 40 40 40 40 40 40 40 40 40 40 40 40 40 40 40 40 40 40 40 40 40 40 40 40 40 40 40 40 22 80 50 210 50 50 50 210 50 50 50 210 50 227 
227 142 142 142 142 142 142 142 142 142 142 142 142 142 142 142 142 142 142 142 142 142 142 142 142 142 142 142 142 142 142 142 142 142 142 142 142 142 142 142 142 142 142 142 142 142 142 142 142 142 142 142 40 17 215 40 40 40 40 40 40 40 40 40 40 40 40 40 40 40 40 40 40 40 40 40 40 40 40 40 40 40 40 40 40 40 22 80 50 210 50 50 50 210 50 50 50 210 50 227 
227 142 142 142 142 142 142 142 142 142 142 142 142 142 142 142 142 142 142 142 142 142 142 142 142 142 142 142 142 142 142 142 142 142 142 142 142 142 142 142 142 142 142 142 142 142 142 142 142 142 142 142 40 17 215 40 40 40 40 40 40 40 40 40 40 40 40 40 40 40 40 40 40 40 40 40 40 40 40 40 40 40 40 40 40 40 22 80 50 210 50 50 50 210 50 50 50 210 50 227 
227 142 142 142 142 142 142 142 142 142 142 142 142 142 142 142 142 142 142 142 142 142 142 142 142 142 142 142 142 142 142 142 142 142 142 142 142 142 142 142 142 142 142 142 142 142 142 142 142 142 142 142 142 17 215 40 40 40 40 40 40 40 40 40 40 40 40 40 40 40 40 40 40 40 40 40 40 40 40 40 40 40 40 40 40 40 22 80 50 211 50 50 50 211 50 50 50 211 50 227 
227 187 187 187 187 187 187 187 187 187 187 187 187 187 187 187 187 187 187 187 187 187 187 187 187 187 187 187 187 187 187 187 187 187 187 187 187 187 187 187 187 187 187 187 187 187 187 187 187 187 187 187 187 17 215 40 40 40 40 40 40 40 40 40 40 40 40 40 40 40 40 40 40 40 40 40 40 40 40 40 40 40 40 40 40 40 22 80 163 163 163 163 163 163 163 163 163 163 50 227 
227 142 40 40 40 40 40 142 142 142 142 142 142 142 142 142 142 142 142 142 142 142 142 142 142 142 142 142 142 142 142 142 142 142 142 142 142 142 142 142 142 142 142 142 142 142 142 142 142 142 40 40 40 17 215 40 40 40 40 40 40 40 40 40 40 40 40 40 40 40 40 40 40 40 40 40 40 40 40 40 40 40 40 40 40 40 22 80 50 163 163 163 163 163 163 163 163 163 50 227 
227 142 142 142 142 142 142 142 142 142 142 142 142 142 142 142 142 142 142 142 142 142 142 142 142 142 142 142 142 142 142 142 142 142 142 142 142 142 142 142 142 142 142 142 142 142 142 142 142 142 142 142 142 17 215 40 40 40 40 40 40 40 40 40 40 40 40 40 40 40 40 40 40 40 40 40 40 40 40 40 40 40 40 40 40 40 22 80 50 163 163 163 163 163 163 163 163 163 163 227 
227 171 171 171 171 171 171 171 171 171 171 171 171 171 171 171 171 171 171 171 171 171 171 171 171 171 171 171 171 171 171 171 171 171 171 171 171 171 171 171 171 171 171 171 171 171 171 171 171 171 196 40 40 17 215 40 40 40 40 40 40 40 40 40 40 40 40 40 40 40 40 40 40 40 40 40 40 40 40 40 40 40 40 40 40 40 22 80 50 209 50 50 50 209 50 50 50 209 50 227 
227 158 158 158 158 158 158 158 175 175 158 158 158 158 158 158 175 175 158 175 158 158 158 175 175 158 158 175 175 158 158 158 158 158 158 158 158 158 175 158 158 158 175 158 158 158 158 158 175 175 197 195 195 17 215 40 40 40 40 40 40 40 40 40 40 40 40 40 40 40 40 40 40 40 40 40 40 40 40 40 40 40 40 40 40 40 22 50 50 210 50 50 50 210 50 50 50 210 50 227 
227 170 170 170 170 170 170 170 170 170 170 170 170 170 170 170 170 170 170 170 170 170 170 170 170 170 170 170 170 170 170 170 170 170 170 170 170 170 170 170 170 170 170 170 170 170 170 170 170 170 198 142 142 17 215 40 40 40 40 40 40 40 40 40 40 40 40 40 40 40 40 40 40 40 40 40 40 40 40 40 40 40 40 40 40 40 22 50 50 210 50 50 50 210 50 50 50 210 50 227 
227 40 40 40 40 40 40 40 40 40 40 40 40 142 142 40 40 40 40 40 40 40 40 40 40 40 40 40 40 40 40 40 40 40 40 40 40 40 40 40 40 40 40 40 40 40 40 40 40 40 40 40 40 17 215 40 40 40 40 40 40 40 40 40 40 40 40 40 40 40 40 40 40 40 40 40 40 40 40 40 40 40 40 40 40 40 22 50 50 210 50 50 50 210 50 50 50 210 50 227 
227 40 40 40 40 40 40 40 40 40 142 142 142 142 40 40 40 40 40 40 40 40 40 40 40 40 40 40 40 40 40 40 40 40 40 40 40 40 40 40 40 40 40 40 40 40 40 40 40 40 40 40 40 17 215 40 40 40 40 40 40 40 40 40 40 40 40 40 40 40 40 40 40 40 40 40 40 40 40 40 40 40 40 40 40 40 22 50 50 210 50 50 50 210 50 50 50 210 50 227 
227 187 187 187 187 187 187 187 187 187 187 187 187 187 187 187 187 187 187 187 187 187 187 187 187 187 187 187 187 187 187 187 187 187 187 187 187 187 187 187 187 187 187 187 187 187 187 187 187 187 187 187 187 17 215 40 40 40 40 40 40 40 40 40 40 40 40 40 40 40 40 40 40 40 40 40 40 40 40 40 40 40 40 40 40 40 22 50 50 210 50 50 50 210 50 50 50 210 50 227 
227 40 40 40 40 40 40 40 40 40 40 40 40 40 40 40 40 40 40 40 40 40 40 40 40 40 40 40 40 40 40 40 40 40 40 40 40 40 40 40 40 40 40 40 40 40 40 40 40 40 40 40 40 17 215 40 40 40 40 40 40 40 40 40 40 40 40 40 40 40 40 40 40 40 40 40 40 40 40 40 40 40 40 40 40 40 22 80 50 210 50 50 50 210 50 50 50 210 50 227 
227 40 40 40 40 40 142 142 142 142 142 142 142 142 142 142 142 142 142 142 142 142 142 142 142 142 142 142 142 142 142 142 142 142 142 142 142 142 142 142 142 142 142 142 142 40 40 40 40 40 40 40 40 17 215 40 40 40 40 40 40 40 40 40 40 40 40 40 40 40 40 40 40 40 40 40 40 40 40 40 40 40 40 40 40 142 22 80 50 210 50 50 50 210 50 50 50 210 50 227 
227 171 171 171 171 171 171 171 171 171 171 171 171 171 171 171 171 171 171 171 171 171 171 171 171 171 171 171 171 171 171 171 171 171 171 171 171 171 171 171 171 171 171 171 171 171 171 171 171 171 196 142 142 17 215 142 142 40 40 40 40 40 40 40 40 40 40 40 40 40 40 40 40 40 40 40 40 40 40 40 40 40 40 40 142 142 22 80 50 210 50 50 50 210 50 50 50 210 50 227 
227 175 158 175 158 158 175 158 158 158 158 158 175 158 158 175 175 175 158 175 158 158 158 158 175 175 158 158 158 158 158 158 158 175 175 158 158 158 158 158 175 158 158 175 158 158 158 158 175 175 197 195 195 17 215 142 142 142 142 142 142 142 142 142 142 142 142 142 142 142 142 142 142 142 142 142 142 142 142 142 142 142 142 142 142 142 22 80 50 210 50 50 50 210 50 50 50 210 50 227 
227 170 170 170 170 170 170 170 170 170 170 170 170 170 170 170 170 170 170 170 170 170 170 170 170 170 170 170 170 170 170 170 170 170 170 170 170 170 170 170 170 170 170 170 170 170 170 170 170 170 198 40 40 17 215 142 142 142 142 142 142 142 142 142 142 142 142 142 142 142 142 142 142 142 142 142 142 142 142 142 142 142 142 142 142 142 22 80 50 211 163 163 163 211 163 163 163 211 50 227 
227 40 40 40 40 40 40 40 40 40 40 40 40 40 40 40 40 40 40 40 40 40 40 40 40 40 40 40 40 40 40 40 40 40 40 40 40 40 40 40 40 40 40 40 40 40 40 40 40 40 40 40 40 17 215 40 40 40 40 40 40 40 40 40 40 40 40 40 40 40 40 40 40 142 142 142 40 142 142 142 40 40 40 40 142 40 22 80 163 163 163 163 163 163 163 163 163 163 50 227 
227 40 40 40 40 40 40 40 40 40 40 40 40 40 40 40 40 40 40 40 40 40 40 40 40 40 40 40 40 40 40 40 40 40 40 40 40 40 40 40 40 40 40 40 40 40 40 40 40 40 40 40 40 17 215 40 40 40 40 40 40 40 40 40 40 40 40 40 40 40 40 40 40 40 40 40 40 40 40 40 40 40 40 40 40 40 22 80 50 163 163 163 163 163 163 163 163 163 50 227 
227 40 40 40 40 40 40 40 40 40 40 40 40 40 40 40 40 40 40 40 40 40 40 40 40 40 40 40 40 40 40 40 40 40 40 40 40 40 40 40 40 40 40 40 40 40 40 40 40 40 40 40 40 17 215 40 40 40 40 40 40 40 40 40 40 40 40 40 40 40 40 40 40 40 40 40 40 40 40 40 40 40 40 40 40 40 22 80 50 163 163 163 163 163 163 50 50 163 50 227 
227 40 40 40 40 40 40 40 40 40 40 40 40 40 40 40 40 40 40 40 40 40 40 40 40 142 142 40 40 40 40 40 40 40 40 40 40 40 40 40 40 40 40 40 40 40 40 40 40 40 40 40 40 17 215 16 16 16 16 16 16 16 16 16 16 16 16 16 16 16 16 16 16 16 16 16 16 16 16 16 16 16 16 16 16 16 22 80 50 209 163 163 163 209 163 163 163 209 50 227 
227 164 164 164 164 164 164 164 164 164 164 164 164 164 164 164 164 164 164 164 164 164 164 164 164 164 164 164 164 164 164 164 164 164 164 164 164 164 164 164 164 164 164 164 164 164 164 164 164 164 164 164 164 17 215 152 152 152 151 152 152 152 152 152 151 152 152 152 152 152 151 152 152 152 152 152 151 152 152 152 152 152 152 152 152 152 22 80 50 210 148 50 50 210 50 50 50 210 50 227 
227 14 14 14 14 14 14 14 14 14 14 14 14 14 14 14 14 14 14 14 14 14 14 14 14 14 14 14 14 14 14 14 14 14 14 14 14 14 14 14 14 14 14 14 14 14 14 14 14 14 14 14 149 209 213 142 40 142 154 40 40 41 40 40 154 40 40 41 40 40 154 40 40 41 40 40 154 142 142 41 40 142 142 40 142 40 22 80 50 210 163 50 50 210 50 50 50 210 50 227 
227 14 14 14 14 14 14 14 14 14 14 14 14 14 14 14 14 14 14 14 14 14 14 14 14 14 14 14 14 14 14 14 14 14 14 14 14 14 14 14 14 14 14 14 14 14 14 14 14 14 14 14 149 210 213 142 40 40 154 40 40 41 40 40 154 40 40 41 40 40 154 40 40 41 40 40 154 40 40 41 40 40 40 40 40 40 22 80 50 210 163 50 50 210 50 50 50 210 50 227 
227 14 14 209 14 14 14 14 14 14 209 14 14 14 14 14 14 209 14 14 14 14 14 14 209 14 14 14 14 14 14 14 209 14 14 14 14 14 14 14 209 14 14 14 14 14 14 14 209 14 14 14 149 210 213 142 40 40 154 40 40 41 40 40 154 40 40 41 40 40 154 40 40 41 40 40 154 40 40 41 40 40 40 40 40 40 22 80 50 210 163 163 50 210 50 50 50 210 50 227 
227 14 14 210 14 14 14 14 14 14 210 14 14 14 14 14 14 210 14 14 14 14 14 14 210 14 14 14 14 14 14 14 210 14 14 14 14 14 14 14 210 14 14 14 14 14 14 14 210 14 14 14 149 210 213 142 40 40 154 40 40 41 40 40 154 40 40 41 40 40 154 40 40 41 40 40 154 40 40 41 40 40 40 40 40 40 22 80 50 210 50 50 50 210 50 50 50 210 50 227 
227 14 14 210 14 14 14 14 14 14 210 14 14 14 14 14 14 210 14 14 14 14 14 14 210 14 14 14 14 14 14 14 210 14 14 14 14 14 14 14 210 14 14 14 14 14 14 14 210 14 14 14 149 210 213 142 40 40 154 40 40 41 40 40 154 40 40 41 40 40 154 40 40 41 40 40 154 40 40 41 40 40 40 40 40 40 22 80 50 210 50 50 50 210 50 50 50 210 50 227 
227 14 14 210 14 14 14 14 14 14 210 14 14 14 14 14 14 210 14 14 14 14 14 14 210 14 14 14 14 14 14 14 210 14 14 14 14 14 14 14 210 14 14 14 14 14 14 14 210 14 14 14 149 210 213 142 40 40 154 40 40 41 40 40 154 40 40 41 40 40 154 40 40 41 40 40 154 40 40 41 40 40 40 40 40 40 22 80 50 210 50 50 50 210 50 50 50 210 50 227 
227 14 14 210 14 14 14 14 14 14 210 14 14 14 14 14 14 210 14 14 14 14 14 14 210 14 14 14 14 14 14 14 210 14 14 14 14 14 14 14 210 14 14 14 14 14 14 14 210 14 14 14 149 210 213 142 40 40 154 40 40 41 40 40 154 40 40 41 40 40 154 40 40 41 40 40 154 40 40 41 40 40 40 40 40 40 22 80 50 210 50 50 50 210 50 50 50 210 50 227 
227 14 14 210 14 14 14 14 14 14 210 14 14 14 14 14 14 210 14 14 14 14 14 14 210 14 14 14 14 14 14 14 210 14 14 14 14 14 14 14 210 14 14 14 14 14 14 14 210 14 14 14 149 210 213 40 40 40 154 40 40 41 40 40 154 40 40 41 40 40 154 40 40 41 40 40 154 40 40 41 40 40 40 40 40 40 22 80 50 210 50 50 50 210 50 50 50 210 50 227 
227 14 14 210 14 14 14 14 14 14 210 14 14 14 14 14 14 210 14 14 14 14 14 14 210 14 14 14 14 14 14 14 210 14 14 14 14 14 14 14 210 14 14 14 14 14 14 14 210 14 14 14 149 211 213 40 40 40 154 40 40 41 40 40 154 40 40 41 40 40 154 40 40 41 40 40 154 40 40 41 40 40 40 40 40 40 22 80 50 210 50 50 50 210 50 50 50 210 50 227 
227 14 14 210 14 14 14 14 14 14 210 14 14 14 14 14 14 210 14 14 14 14 14 14 210 14 14 14 14 14 14 14 210 14 14 14 14 14 14 14 210 14 14 14 14 14 14 14 210 14 14 14 149 142 40 40 40 40 154 40 40 41 40 40 154 40 40 41 40 40 154 40 40 41 40 40 154 40 40 41 40 40 40 40 40 40 22 80 50 210 50 50 50 210 50 50 163 210 50 227 
227 14 14 210 14 14 14 14 14 14 210 14 14 14 14 14 14 210 14 14 14 14 14 14 210 14 14 14 14 14 14 14 210 14 14 14 14 14 14 14 210 14 14 14 14 14 14 14 210 14 14 14 149 142 142 40 40 40 154 40 40 41 40 40 154 40 40 41 40 40 154 40 40 41 40 40 154 40 40 41 40 40 40 40 40 40 22 80 50 211 163 163 163 211 163 163 163 211 50 227 
227 14 14 210 14 14 14 14 14 14 210 14 14 14 14 14 14 210 14 14 14 14 14 14 210 14 14 14 14 14 14 14 210 14 14 14 14 14 14 14 210 14 14 14 14 14 14 14 210 14 14 14 149 142 40 40 142 40 154 40 40 41 40 40 154 40 40 41 40 40 154 40 40 41 40 40 154 40 40 41 40 40 40 40 40 40 22 80 163 163 163 163 163 163 163 163 163 163 50 227 
227 14 14 211 14 14 14 14 14 14 211 14 14 14 14 14 14 211 14 14 14 14 14 14 211 14 14 14 14 14 14 14 211 14 14 14 14 14 14 14 211 14 14 14 14 14 14 14 211 14 14 14 149 142 142 40 40 40 154 40 40 41 40 40 154 40 40 41 40 40 154 40 40 41 40 40 154 40 40 41 40 40 40 40 40 40 22 80 163 163 163 163 163 163 163 163 163 163 50 227 
227 14 14 14 14 14 14 14 14 14 14 14 14 14 14 14 14 14 14 14 14 14 14 14 14 14 14 14 14 14 14 14 14 14 14 14 14 14 14 14 14 14 14 14 14 14 14 14 14 14 14 14 149 209 213 40 40 40 154 40 40 153 40 40 154 40 40 41 40 40 154 40 40 41 40 40 154 40 40 41 40 40 40 40 40 40 22 80 163 163 163 163 163 163 163 163 163 163 163 227 
227 14 14 14 14 14 14 14 14 14 14 14 14 14 14 14 14 14 14 14 14 14 14 14 14 14 14 14 14 14 14 14 14 14 14 14 14 14 14 14 14 14 14 14 14 14 14 14 14 14 14 14 149 210 213 40 40 40 154 40 40 41 142 40 154 40 40 41 40 40 154 40 40 41 40 40 154 40 40 41 40 40 40 40 40 40 22 80 50 209 163 163 163 209 163 163 163 209 50 227 
227 14 14 14 14 14 14 14 14 14 14 14 14 14 14 14 14 14 14 14 14 14 14 14 14 14 14 14 14 14 14 14 14 14 14 14 14 14 14 14 14 14 14 14 14 14 14 14 14 14 14 14 149 210 213 40 40 40 154 40 40 41 142 142 154 40 40 41 40 40 154 40 142 41 142 40 154 40 40 41 40 40 40 40 40 40 22 80 50 210 50 50 50 210 50 50 50 210 50 227 
227 14 14 14 14 14 14 14 14 14 14 14 14 14 14 14 14 14 14 14 14 14 14 14 14 14 14 14 14 14 14 14 14 14 14 14 14 14 14 14 14 14 14 14 14 14 14 14 14 14 14 14 149 210 213 40 40 40 154 40 40 41 40 142 154 40 40 41 40 40 154 40 40 41 40 40 154 40 40 41 40 40 40 40 40 40 22 80 50 210 50 50 50 210 50 50 50 210 50 227 
227 14 14 212 14 14 14 212 14 14 14 212 14 14 14 212 14 14 14 212 14 14 14 212 14 14 14 212 14 14 14 212 14 14 14 212 14 14 14 212 14 14 14 212 14 14 14 212 14 14 14 212 149 210 213 142 40 40 154 40 40 41 40 142 154 40 40 41 40 40 154 40 40 153 40 40 154 40 40 41 40 40 40 40 40 40 22 80 50 210 50 50 50 210 50 50 50 210 50 227 
227 14 14 14 14 14 14 14 14 14 14 14 14 14 14 14 14 14 14 14 14 14 14 14 14 14 14 14 14 14 14 14 14 14 14 14 14 14 14 14 14 14 14 14 14 14 14 14 14 14 14 14 149 210 213 142 40 40 154 40 40 41 40 40 154 40 40 153 40 40 154 40 40 153 40 40 154 40 40 41 40 40 40 40 40 40 22 80 50 210 50 50 50 210 50 50 50 210 50 227 
227 14 14 14 14 14 14 14 14 14 14 14 14 14 14 14 14 14 14 14 14 14 14 14 14 14 14 14 14 14 14 14 14 14 14 14 14 14 14 14 14 14 14 14 14 14 14 14 14 14 14 14 149 210 213 142 40 40 154 40 40 41 40 40 154 40 40 153 40 40 154 40 40 153 40 40 154 40 40 41 40 40 40 40 40 40 22 80 50 210 50 50 50 210 50 50 50 210 50 227 
227 227 227 227 227 227 227 227 227 227 227 227 227 227 227 227 227 227 227 227 227 227 227 227 227 227 227 227 227 227 227 227 227 227 227 227 227 227 227 227 227 227 227 227 227 227 227 227 227 227 227 227 227 227 227 227 227 227 227 227 227 227 227 227 227 227 227 227 227 227 227 227 227 227 227 227 227 227 227 227 227 227 227 227 227 227 227 227 227 227 227 227 227 227 227 227 227 227 227 227 
