228 228 228 228 228 228 228 228 228 228 228 228 228 228 228 228 228 228 228 228 228 228 228 228 228 228 228 228 228 228 228 227 227 227 228 228 228 228 228 228 228 228 228 228 228 228 228 228 228 228 228 228 228 228 228 228 228 228 228 228 228 227 227 227 227 227 227 227 228 228 228 228 228 228 228 228 228 228 228 228 227 228 228 228 228 228 228 228 227 227 227 227 227 228 228 228 228 228 228 228 
228 0 206 163 50 50 50 50 50 163 163 216 122 126 125 126 126 126 126 126 126 126 126 126 124 70 70 70 97 97 97 97 86 88 88 88 88 88 88 88 88 88 69 98 98 98 70 97 97 97 97 97 59 210 213 142 179 179 42 179 142 153 142 142 42 142 142 221 207 207 207 223 142 142 42 142 142 41 40 40 42 142 40 142 213 210 22 221 207 223 14 14 14 14 14 14 221 207 223 228 
228 0 206 163 163 50 50 50 50 163 163 216 122 126 126 126 126 126 126 126 126 123 126 126 124 70 70 70 97 97 97 97 86 88 88 88 88 88 88 88 88 88 69 98 98 98 70 70 97 97 97 98 59 210 213 40 179 179 42 179 142 153 142 142 42 142 142 221 207 207 207 223 142 142 42 142 142 41 142 142 42 142 40 40 213 210 22 221 207 223 14 14 14 14 14 14 221 207 223 228 
228 0 206 163 163 163 163 163 163 163 163 216 122 126 126 126 126 126 126 126 126 125 126 126 124 70 70 70 97 97 97 97 86 88 88 88 88 88 88 88 88 88 69 98 98 98 70 70 97 97 97 98 59 211 213 40 179 179 42 179 142 153 142 142 42 142 142 221 207 207 207 223 142 142 42 142 142 41 40 40 42 142 40 40 213 211 22 226 225 224 14 14 14 14 14 14 226 225 224 228 
228 0 206 163 163 163 163 163 163 163 163 216 122 126 126 126 126 126 126 126 126 126 126 126 124 70 70 70 97 70 97 97 86 88 88 88 88 88 88 88 88 88 69 98 98 98 70 70 97 97 98 98 59 179 179 40 179 179 42 179 142 153 142 142 42 142 142 221 207 207 207 223 142 142 42 142 142 41 40 40 42 142 40 40 142 142 22 14 14 14 14 14 14 14 14 14 14 14 14 228 
228 0 206 163 163 163 163 163 163 163 163 216 122 126 126 126 126 126 126 126 126 126 126 126 124 70 70 70 97 97 97 97 86 88 88 88 88 88 88 88 88 88 69 98 98 98 70 97 97 98 98 98 59 179 179 40 179 179 42 179 142 153 142 142 42 142 142 221 207 207 207 223 142 142 42 142 142 41 40 142 42 142 40 40 142 142 22 14 14 14 14 14 14 14 14 14 14 14 14 228 
228 0 161 163 163 163 163 163 163 163 163 216 122 126 126 126 126 126 126 126 126 126 126 126 124 70 70 70 70 97 97 97 86 88 88 88 88 88 88 88 88 88 69 98 98 98 70 97 97 98 98 98 59 209 213 40 179 179 42 179 142 153 142 142 42 142 142 221 207 207 207 223 142 142 42 142 142 41 142 142 42 142 40 40 213 209 22 235 229 234 14 14 14 14 14 14 235 229 234 228 
228 111 172 34 34 34 34 34 34 34 34 45 127 129 129 129 129 129 129 129 129 129 129 129 131 97 70 70 70 97 97 97 86 88 88 88 88 88 88 88 88 88 69 98 98 98 70 70 97 98 98 98 59 210 213 40 179 179 42 179 142 153 142 142 42 142 142 221 207 207 207 223 142 142 42 142 142 41 142 142 42 142 40 40 213 210 22 221 222 223 14 14 14 14 14 14 221 222 223 228 
228 128 56 67 67 67 67 67 67 67 67 78 132 134 134 134 134 134 134 134 134 134 134 134 133 70 70 97 70 97 97 97 86 88 88 88 88 88 88 88 88 88 69 98 98 98 70 70 98 98 98 98 59 210 213 40 179 179 42 40 40 153 142 142 42 142 142 221 207 207 207 223 142 142 42 142 142 41 142 142 42 142 142 40 213 210 22 221 222 223 14 14 212 212 14 14 221 222 223 228 
228 128 56 89 89 67 67 67 67 89 89 78 132 89 89 134 134 134 134 134 134 134 89 89 133 70 70 97 97 97 97 97 86 88 88 88 88 88 88 88 88 88 69 98 98 98 70 70 98 98 98 98 59 210 213 40 179 179 42 40 40 153 142 142 42 142 142 221 207 207 207 223 142 142 42 142 142 41 142 142 42 142 142 40 213 210 22 221 222 223 163 163 212 212 163 163 221 222 223 228 
228 128 56 89 89 67 67 67 67 89 89 78 132 89 89 134 134 134 134 134 134 134 89 89 133 70 70 97 97 97 97 97 86 88 88 88 88 88 88 88 88 88 69 98 98 98 70 70 98 98 97 98 59 210 213 40 179 179 42 40 40 153 142 142 42 142 142 221 207 207 207 223 142 142 42 142 142 41 142 142 42 142 142 40 213 210 22 221 222 223 163 14 14 14 163 163 221 222 223 228 
228 128 56 67 67 67 67 67 67 67 67 78 132 134 134 134 134 134 134 134 134 134 134 134 133 70 70 70 97 97 97 70 86 88 88 88 88 88 88 88 88 88 69 98 98 98 70 70 98 98 97 98 59 211 213 40 179 179 42 40 40 153 142 142 42 142 142 221 207 207 207 223 142 142 42 142 142 41 142 142 42 142 142 40 213 211 22 226 225 224 14 14 50 14 50 50 226 225 224 228 
228 128 56 89 89 67 67 67 67 89 89 78 132 100 89 134 134 134 134 134 134 134 100 89 133 70 70 70 97 97 97 97 86 88 88 88 88 88 88 88 88 88 69 98 98 98 70 97 97 98 97 98 59 179 179 40 179 179 42 179 142 153 142 142 42 142 142 221 207 207 207 223 142 142 42 142 142 41 142 142 42 142 142 40 40 40 22 80 50 14 50 50 50 14 50 50 50 14 50 228 
228 128 56 89 89 67 67 67 67 89 89 78 132 100 89 134 134 134 134 134 134 134 100 89 133 70 70 70 97 97 97 97 86 88 88 88 88 88 88 88 88 88 69 98 98 98 70 97 98 98 97 98 59 179 40 40 179 179 42 179 142 153 142 142 42 142 142 221 207 207 207 223 142 142 42 142 142 41 142 142 42 142 142 40 40 40 22 80 50 14 50 50 50 14 50 50 50 14 50 227 
228 128 56 67 67 119 67 67 67 67 67 78 132 134 134 134 134 134 134 134 134 134 134 134 133 70 70 70 97 97 97 97 86 88 88 88 88 88 88 88 88 88 69 98 98 98 70 98 98 98 98 98 59 209 213 40 179 179 42 179 142 153 142 142 42 142 142 221 207 207 207 223 142 142 42 142 142 41 142 142 42 142 142 40 213 209 22 235 229 234 50 50 50 14 50 50 235 229 234 227 
228 128 56 67 67 67 67 67 119 119 67 78 132 134 134 134 134 134 134 134 134 134 134 134 133 70 70 70 97 97 97 97 86 88 88 88 88 88 88 88 88 88 69 98 98 98 70 70 97 98 98 98 59 210 213 40 40 40 42 179 142 153 142 142 42 40 40 221 207 207 207 223 142 142 42 142 142 41 142 142 42 142 142 40 213 210 22 221 207 223 14 50 50 14 50 50 221 207 223 227 
228 128 56 119 119 119 119 119 119 67 67 78 132 89 89 134 134 134 100 134 134 134 89 89 133 70 70 70 97 97 97 98 86 88 88 88 88 88 88 88 88 88 69 98 98 98 70 70 97 98 98 98 59 210 213 40 40 40 42 40 142 153 142 142 42 40 142 221 207 207 207 223 142 142 42 142 142 41 142 142 42 142 40 40 213 210 22 221 207 223 14 50 212 212 50 50 221 207 223 228 
228 128 56 67 67 67 100 100 67 67 67 78 132 134 134 134 134 134 112 134 134 134 134 134 133 70 70 70 97 97 97 97 86 88 88 88 88 88 88 88 88 88 69 98 98 98 70 70 99 99 99 99 59 210 213 40 40 40 42 40 142 153 142 142 42 142 142 221 207 207 207 223 142 142 42 142 142 41 142 142 42 142 40 40 213 210 22 221 207 223 14 50 212 212 50 50 221 207 223 228 
227 139 120 119 119 119 100 112 119 119 119 121 135 134 134 134 134 134 100 134 134 134 134 134 136 98 70 70 98 98 98 98 86 88 88 88 88 88 88 88 88 88 68 70 70 70 70 70 70 70 70 70 59 210 213 40 40 40 42 40 40 153 40 40 42 40 40 221 207 207 207 223 40 40 42 40 40 41 40 40 42 40 40 40 213 210 22 221 207 223 14 50 50 14 14 50 221 207 223 228 
227 14 14 14 14 14 14 14 14 14 14 14 14 97 97 97 97 97 97 97 97 97 97 97 97 97 70 70 97 97 97 97 86 88 88 88 88 88 88 88 88 88 68 70 70 70 70 70 70 70 70 70 59 211 213 40 40 40 42 40 40 153 40 40 42 40 40 221 207 207 207 223 40 40 42 40 40 41 40 40 42 40 40 40 213 211 22 226 225 224 50 50 50 14 14 14 226 225 224 228 
227 14 14 14 14 14 14 14 14 14 14 14 14 97 70 97 97 97 97 97 97 97 97 97 97 97 70 70 97 97 97 97 86 88 88 88 88 88 88 88 88 88 68 70 70 70 70 70 70 70 70 70 59 40 40 40 40 40 42 40 40 153 40 40 42 40 40 221 207 207 207 223 40 40 42 40 40 41 40 40 42 40 40 40 40 40 22 80 50 14 14 14 14 14 14 14 14 14 50 228 
227 14 14 14 14 14 14 14 14 14 14 14 14 97 70 97 97 97 97 97 97 97 97 97 97 97 70 70 97 97 97 97 86 88 88 88 88 88 88 88 88 88 68 70 70 70 70 70 70 70 70 70 59 40 40 40 40 40 42 40 40 153 40 40 42 40 40 221 207 207 207 223 40 40 42 40 40 41 40 40 42 40 40 40 40 40 22 80 163 14 163 163 163 163 163 163 163 80 163 228 
227 14 14 14 14 14 14 14 14 14 14 14 14 97 70 97 97 97 97 97 97 97 97 97 97 97 70 70 97 97 97 97 86 88 88 88 88 88 88 88 88 88 68 70 70 70 70 70 70 70 70 70 59 209 213 40 40 40 42 40 40 153 40 40 42 40 40 221 207 207 207 223 40 40 42 40 40 41 40 40 42 40 40 40 213 209 22 235 229 234 163 163 163 163 163 163 235 229 234 228 
228 14 14 14 14 14 14 14 14 14 14 14 14 97 70 97 97 97 97 97 97 97 97 97 97 97 70 70 97 97 97 70 86 88 88 88 88 88 88 88 88 88 68 70 70 70 70 70 70 70 70 70 59 210 213 40 40 40 42 40 40 153 40 40 42 40 40 221 207 207 207 223 40 40 42 40 40 41 40 40 42 40 40 40 213 210 22 221 222 223 163 163 163 163 163 163 221 222 223 228 
228 14 14 14 14 14 14 14 14 14 14 14 14 97 70 97 97 97 97 97 97 97 97 97 97 97 70 70 97 97 97 97 86 88 88 88 88 88 88 88 88 88 68 70 70 70 70 70 70 70 70 70 59 210 213 40 40 40 42 40 40 153 40 40 42 40 40 221 207 207 207 223 40 40 42 40 40 41 40 40 42 40 40 40 213 210 22 221 222 223 50 50 212 212 14 14 221 222 223 228 
228 14 14 14 14 14 14 14 14 14 14 14 14 97 70 97 97 97 97 97 97 97 97 97 97 97 70 70 97 97 97 97 86 88 88 88 88 88 88 88 88 88 68 70 70 70 70 70 70 70 70 70 59 210 213 40 40 40 42 40 40 153 40 40 42 40 40 221 207 207 207 223 40 40 42 40 40 41 40 40 42 40 40 40 213 210 22 221 222 223 50 50 212 212 50 50 221 222 223 228 
228 14 14 14 14 14 14 14 14 14 14 14 14 97 70 97 97 97 97 97 97 97 97 97 97 97 70 70 97 97 97 97 86 88 88 88 88 88 88 88 88 88 68 70 70 70 70 70 70 70 98 98 59 210 213 40 40 40 42 40 40 153 40 40 42 40 40 221 207 207 207 223 40 40 42 40 40 41 40 40 42 40 40 40 213 210 22 221 222 223 50 50 14 14 50 50 221 222 223 228 
228 14 14 14 14 14 14 14 14 14 14 14 14 97 70 97 97 97 97 97 97 97 97 97 97 70 70 70 97 97 97 97 86 88 88 88 88 88 88 88 88 88 69 98 98 98 70 70 98 98 98 98 59 211 213 40 40 40 42 40 40 153 40 40 42 40 40 221 207 207 207 223 40 40 42 40 40 41 40 40 42 40 40 40 213 211 22 226 225 224 50 50 14 14 50 50 226 225 224 228 
228 14 14 14 14 14 14 14 14 14 14 14 14 97 70 97 97 97 97 97 97 97 70 97 97 70 70 70 97 97 97 97 86 88 88 88 88 88 88 88 88 88 69 98 98 98 70 70 98 98 98 98 59 40 40 40 40 40 42 40 40 153 40 40 42 40 40 221 207 207 207 223 40 40 42 40 40 41 40 40 42 40 40 40 40 40 22 80 50 14 50 50 50 14 50 50 50 14 50 228 
228 14 14 14 14 14 14 14 14 14 14 14 14 97 70 97 97 97 97 70 70 70 97 97 97 97 70 70 97 97 97 97 86 88 88 88 88 88 88 88 88 88 69 98 98 98 70 70 98 98 98 98 59 40 40 40 40 40 42 40 40 153 40 40 42 40 40 221 207 207 207 223 40 40 42 40 40 41 40 40 42 40 40 40 40 40 22 14 50 14 50 14 50 14 14 14 50 14 50 228 
228 14 14 14 14 14 14 14 14 14 14 14 14 97 70 97 97 97 97 97 70 70 97 97 97 97 70 70 97 97 97 97 86 88 88 88 88 88 88 88 88 88 69 98 98 98 70 70 98 98 98 98 59 209 213 40 40 40 42 40 40 153 40 40 42 40 40 221 207 207 207 223 40 40 42 40 40 41 40 40 42 40 40 40 213 209 22 235 229 234 14 14 50 14 14 14 235 229 234 228 
228 14 14 14 14 14 14 14 14 14 14 14 14 97 97 97 97 97 97 97 97 70 70 97 97 97 70 70 97 97 97 97 86 88 88 88 88 88 88 88 88 88 69 98 98 98 70 70 98 98 98 98 59 210 213 40 40 40 42 40 40 153 40 40 42 40 40 221 207 207 207 223 40 40 42 40 40 41 40 40 42 40 40 40 213 210 22 221 207 223 14 14 14 14 14 50 221 207 223 228 
228 14 14 14 14 14 14 14 14 14 14 14 14 97 97 97 97 97 97 97 97 97 70 70 70 97 70 70 97 97 97 97 86 88 88 88 88 88 88 88 88 88 69 98 98 98 70 70 98 98 98 98 59 210 213 40 40 40 42 40 40 153 40 40 42 40 40 221 207 207 207 223 40 40 42 40 40 41 40 40 42 40 40 40 213 210 22 221 207 223 14 14 212 212 14 50 221 207 223 228 
228 14 14 14 14 14 14 14 14 14 14 14 14 97 97 97 97 97 97 97 97 97 97 97 97 97 70 70 97 97 97 97 86 88 88 88 88 88 88 88 88 88 69 98 98 98 70 70 98 98 98 98 59 210 213 40 40 40 42 40 40 153 40 40 42 40 40 221 207 207 207 223 40 40 42 40 40 41 40 40 42 40 40 40 213 210 22 221 207 223 14 14 212 212 14 50 221 207 223 228 
228 14 14 14 14 14 14 14 14 14 14 14 14 97 97 97 97 97 97 97 97 97 97 97 97 70 70 70 97 97 97 97 86 88 88 88 88 88 88 88 88 88 69 98 98 98 70 70 98 98 98 98 59 210 213 40 40 40 42 40 40 153 40 40 42 40 40 221 207 207 207 223 40 40 42 40 40 41 40 40 42 40 40 40 213 210 22 221 207 223 14 14 14 14 163 163 221 207 223 228 
228 14 14 14 14 14 14 14 14 14 14 14 14 97 70 97 97 97 97 97 97 97 97 97 97 97 70 70 97 97 97 97 86 88 88 88 88 88 88 88 88 88 69 98 98 98 98 98 98 98 98 98 59 211 213 40 40 40 42 40 40 153 40 40 42 40 40 221 207 207 207 223 40 40 42 40 40 41 40 40 42 40 40 40 213 211 22 226 225 224 14 14 14 14 163 163 226 225 224 228 
228 14 14 14 14 14 14 14 14 14 14 14 14 97 70 97 97 97 97 97 97 97 97 97 97 97 70 70 97 97 97 97 87 88 88 88 88 88 88 88 88 88 69 98 98 98 98 98 98 98 98 98 59 40 40 40 40 40 42 40 40 153 40 40 42 40 40 226 225 225 225 224 40 40 42 40 40 41 40 40 42 40 40 40 40 40 22 80 163 163 163 163 163 14 14 14 14 14 50 228 
228 14 14 14 14 14 14 14 14 14 14 14 14 97 70 97 97 97 97 97 97 70 70 70 70 70 70 70 70 70 70 70 86 88 88 88 88 88 88 88 88 88 69 98 98 98 98 98 98 98 98 98 59 16 16 16 16 16 16 16 16 16 16 16 16 16 16 16 16 16 16 16 16 16 16 16 16 16 16 16 16 16 16 16 16 16 22 80 50 14 50 50 50 14 50 50 50 14 50 228 
228 84 84 84 84 84 84 84 84 84 84 84 84 104 104 104 104 104 104 104 104 104 104 104 104 104 104 104 104 104 104 104 214 91 91 91 91 91 91 91 91 91 66 70 104 104 104 104 104 104 104 104 39 152 152 152 152 152 152 152 152 152 152 152 152 152 152 152 152 152 152 152 152 152 152 152 152 152 152 152 152 152 152 152 152 152 22 80 50 14 50 50 50 14 50 50 50 14 50 228 
228 40 40 40 40 40 40 40 40 40 40 40 40 40 40 40 40 40 40 40 40 40 40 40 40 40 40 40 40 40 40 40 40 40 40 40 40 40 40 40 40 40 40 40 40 40 40 40 40 40 40 40 40 17 215 40 40 40 40 40 40 40 40 40 40 40 40 40 40 40 40 40 40 40 40 40 40 40 40 40 40 40 40 40 40 40 22 80 50 14 50 50 50 14 50 50 50 14 50 228 
228 40 40 40 40 40 40 40 40 40 142 142 142 142 142 142 142 40 40 40 40 40 40 40 40 40 40 40 40 40 40 40 40 40 40 40 40 40 40 40 40 40 40 40 40 40 40 40 40 40 40 40 40 17 215 40 40 40 40 40 40 40 40 40 40 40 40 40 40 40 40 40 40 40 40 40 40 40 40 40 40 40 40 40 40 40 22 80 209 14 50 50 235 234 50 50 50 209 50 228 
228 187 187 187 187 187 187 187 187 187 187 187 187 187 187 187 187 187 187 187 187 187 187 187 187 187 187 187 187 187 187 187 187 187 187 187 187 187 187 187 187 187 187 187 187 187 187 187 187 187 187 187 187 17 215 40 40 40 40 40 40 40 40 40 40 40 40 40 40 40 40 40 40 40 40 40 40 40 40 40 40 40 40 40 40 40 22 80 210 14 50 50 221 223 50 50 50 210 50 228 
227 40 40 40 40 40 40 40 40 40 40 40 40 40 40 40 40 40 40 40 40 40 40 40 40 40 40 40 40 40 40 40 40 40 40 40 40 40 40 40 40 40 40 40 40 40 40 40 40 40 40 40 40 17 215 40 40 40 40 40 40 40 40 40 40 40 40 40 40 40 40 40 40 40 40 40 40 40 40 40 40 40 40 40 40 40 22 80 210 14 50 50 221 223 50 50 50 210 50 228 
227 142 142 142 142 142 142 40 40 40 40 40 40 40 40 40 40 40 40 40 40 40 40 40 40 40 40 40 40 40 40 40 40 40 40 40 40 40 40 40 40 40 40 40 40 40 40 40 40 40 40 40 40 17 215 40 40 40 40 40 40 40 40 40 40 40 40 40 40 40 40 40 40 40 40 40 40 40 40 40 40 40 40 40 40 40 22 80 210 14 50 50 221 223 50 50 50 210 50 228 
227 171 171 171 171 171 171 171 171 171 171 171 171 171 171 171 171 171 171 171 171 171 171 171 171 171 171 171 171 171 171 171 171 171 171 171 171 171 171 171 171 171 171 171 171 171 171 171 171 171 196 142 142 17 215 40 40 40 40 40 40 40 40 40 40 40 40 40 40 40 40 40 40 40 40 40 40 40 40 40 40 40 40 40 40 40 22 80 210 14 50 50 221 223 50 50 50 210 50 228 
227 158 175 158 175 158 158 175 158 158 158 175 158 158 158 175 158 158 158 158 158 158 158 175 158 175 158 158 158 158 158 175 158 158 158 158 175 158 158 158 158 158 158 175 158 158 175 158 158 175 197 195 195 17 215 40 40 40 40 40 40 40 40 40 40 40 40 40 40 40 40 40 40 40 40 40 40 40 40 40 40 40 40 40 40 40 22 80 211 14 14 14 226 224 50 50 50 211 50 228 
227 170 170 170 170 170 170 170 170 170 170 170 170 170 170 170 170 170 170 170 170 170 170 170 170 170 170 170 170 170 170 170 170 170 170 170 170 170 170 170 170 170 170 170 170 170 170 170 170 170 198 142 40 17 215 40 40 40 40 40 40 40 40 40 40 40 40 40 40 40 40 40 40 40 40 40 40 40 40 40 40 40 40 40 40 40 22 80 50 14 50 50 50 14 14 14 14 14 50 228 
227 142 142 142 142 142 142 142 142 142 142 142 142 142 142 142 142 142 142 142 142 142 142 142 142 142 142 142 142 142 142 142 142 142 142 142 142 142 142 142 142 142 142 142 142 142 142 142 142 142 142 142 142 17 215 40 40 40 40 40 40 40 40 40 40 40 40 40 40 40 40 40 40 40 40 40 40 40 40 40 40 40 40 40 40 40 22 80 50 14 163 163 163 163 163 163 163 163 50 228 
227 40 40 40 40 40 40 40 40 40 142 142 142 142 142 142 142 40 40 40 40 40 40 40 40 40 40 40 40 40 40 40 40 40 40 40 40 40 40 40 40 142 142 142 142 142 40 40 40 40 40 40 40 17 215 40 40 40 40 40 40 40 40 40 40 40 40 40 40 40 40 40 40 40 40 40 40 40 40 40 40 40 40 40 40 40 22 80 209 14 163 163 235 234 163 163 163 209 50 228 
227 142 40 40 40 40 40 40 40 40 40 40 40 40 40 40 40 40 40 40 40 142 142 142 142 142 142 142 40 40 40 40 40 40 40 40 40 40 40 40 40 40 40 40 40 40 40 40 40 40 40 40 40 17 215 40 40 40 40 40 40 40 40 40 40 40 40 40 40 40 40 40 40 40 40 40 40 40 40 40 40 40 40 40 40 40 22 80 210 14 163 163 221 223 163 14 14 210 50 228 
227 187 187 187 187 187 187 187 187 187 187 187 187 187 187 187 187 187 187 187 187 187 187 187 187 187 187 187 187 187 187 187 187 187 187 187 187 187 187 187 187 187 187 187 187 187 187 187 187 187 187 187 187 17 215 142 142 40 40 40 40 40 40 40 40 40 40 40 40 40 40 40 40 40 40 40 40 40 40 40 40 40 40 40 40 40 22 80 210 14 50 50 221 223 14 14 50 210 50 228 
227 142 40 40 142 142 40 40 40 40 40 40 40 40 40 40 40 40 40 40 40 40 40 40 40 40 40 40 40 40 40 40 40 40 40 40 40 40 40 40 40 40 40 40 40 40 40 40 40 40 40 40 40 17 215 40 142 40 40 40 40 40 40 40 40 40 40 40 40 40 40 40 40 40 40 40 40 40 40 40 40 40 40 40 40 40 22 80 210 14 50 50 221 223 50 50 50 210 50 228 
227 142 142 40 40 142 142 142 142 142 142 142 142 142 142 142 142 142 142 40 40 40 40 40 142 142 142 142 142 142 40 142 142 142 142 142 142 142 142 142 40 40 40 40 40 40 40 40 40 40 40 40 40 17 215 40 40 40 40 40 40 40 40 40 40 40 40 40 40 40 40 40 40 40 40 40 40 40 40 40 40 40 40 40 40 40 22 80 210 14 50 50 221 223 50 50 50 210 50 227 
227 142 142 142 142 142 142 142 142 142 142 142 142 142 142 142 142 142 142 142 142 142 142 142 142 142 142 142 142 142 142 142 142 142 142 142 142 142 142 142 142 142 142 142 142 142 142 142 142 142 142 142 142 17 215 40 40 40 40 40 40 40 40 40 40 40 40 40 40 40 40 40 40 40 40 40 40 40 40 40 40 40 40 40 40 40 22 80 211 14 50 50 226 224 50 50 50 211 50 227 
227 171 171 171 171 171 171 171 171 171 171 171 171 171 171 171 171 171 171 171 171 171 171 171 171 171 171 171 171 171 171 171 171 171 171 171 171 171 171 171 171 171 171 171 171 171 171 171 171 171 196 142 142 17 215 40 40 40 40 40 40 40 40 40 40 40 40 40 40 40 40 40 40 40 40 40 40 40 40 40 40 40 40 40 40 40 22 80 50 14 50 50 50 14 50 50 50 14 50 227 
227 175 158 158 158 158 158 175 175 158 158 158 158 158 175 175 158 158 158 158 175 158 158 158 158 158 175 175 158 158 158 158 158 158 158 175 175 175 158 158 158 158 175 158 158 158 158 175 158 158 197 195 195 17 215 40 40 40 40 40 40 40 40 40 40 40 40 40 40 40 40 40 40 40 40 40 40 40 40 40 40 40 40 40 40 40 22 80 50 14 50 50 50 14 50 50 50 14 50 227 
227 170 170 170 170 170 170 170 170 170 170 170 170 170 170 170 170 170 170 170 170 170 170 170 170 170 170 170 170 170 170 170 170 170 170 170 170 170 170 170 170 170 170 170 170 170 170 170 170 170 198 142 142 17 215 40 40 40 40 40 40 40 40 40 40 40 40 40 40 40 40 40 40 40 40 40 40 40 40 40 40 40 40 40 40 40 22 80 209 14 50 50 235 234 50 50 50 209 50 227 
227 142 142 142 142 142 142 142 142 142 142 142 142 142 142 142 142 142 142 142 142 142 142 142 142 142 142 142 142 142 142 142 142 142 142 142 142 142 142 142 142 142 142 142 142 142 142 142 142 142 142 142 40 17 215 40 40 40 40 40 40 40 40 40 40 40 40 40 40 40 40 40 40 40 40 40 40 40 40 40 40 40 40 40 40 40 22 80 210 14 50 50 221 223 50 50 50 210 50 227 
227 142 142 142 142 142 142 142 142 142 142 142 142 142 142 142 142 142 142 142 142 142 142 142 142 142 142 142 142 142 142 142 142 142 142 142 142 142 142 142 142 142 142 142 142 142 142 142 142 142 142 142 40 17 215 40 40 40 40 40 40 40 40 40 40 40 40 40 40 40 40 40 40 40 40 40 40 40 40 40 40 40 40 40 40 40 22 80 210 14 50 50 221 223 50 50 50 210 50 227 
228 142 142 142 142 142 142 142 142 142 142 142 142 142 142 142 142 142 142 142 142 142 142 142 142 142 142 142 142 142 142 142 142 142 142 142 142 142 142 142 142 142 142 142 142 142 142 142 142 142 142 142 142 17 215 40 40 40 40 40 40 40 40 40 40 40 40 40 40 40 40 40 40 40 40 40 40 40 40 40 40 40 40 40 40 40 22 80 210 14 14 14 221 223 50 50 50 210 50 227 
228 187 187 187 187 187 187 187 187 187 187 187 187 187 187 187 187 187 187 187 187 187 187 187 187 187 187 187 187 187 187 187 187 187 187 187 187 187 187 187 187 187 187 187 187 187 187 187 187 187 187 187 187 17 215 40 40 40 40 40 40 40 40 40 40 40 40 40 40 40 40 40 40 40 40 40 40 40 40 40 40 40 40 40 40 40 22 80 210 163 163 163 221 223 163 163 163 210 50 227 
228 142 40 40 40 40 40 142 142 142 142 142 142 142 142 142 142 142 142 142 142 142 142 142 142 142 142 142 142 142 142 142 142 142 142 142 142 142 142 142 142 142 142 142 142 142 142 142 142 142 40 40 40 17 215 40 40 40 40 40 40 40 40 40 40 40 40 40 40 40 40 40 40 40 40 40 40 40 40 40 40 40 40 40 40 40 22 80 211 163 163 163 226 224 163 163 163 211 50 227 
228 142 142 142 142 142 142 142 142 142 142 142 142 142 142 142 142 142 142 142 142 142 142 142 142 142 142 142 142 142 142 142 142 142 142 142 142 142 142 142 142 142 142 142 142 142 142 142 142 142 142 142 142 17 215 40 40 40 40 40 40 40 40 40 40 40 40 40 40 40 40 40 40 40 40 40 40 40 40 40 40 40 40 40 40 40 22 80 50 163 163 163 163 14 14 14 14 163 163 227 
228 171 171 171 171 171 171 171 171 171 171 171 171 171 171 171 171 171 171 171 171 171 171 171 171 171 171 171 171 171 171 171 171 171 171 171 171 171 171 171 171 171 171 171 171 171 171 171 171 171 196 40 40 17 215 40 40 40 40 40 40 40 40 40 40 40 40 40 40 40 40 40 40 40 40 40 40 40 40 40 40 40 40 40 40 40 22 80 50 14 50 50 50 14 50 50 14 14 50 227 
228 158 158 158 158 158 158 158 175 175 158 158 158 158 158 158 175 175 158 175 158 158 158 175 175 158 158 175 175 158 158 158 158 158 158 158 158 158 175 158 158 158 175 158 158 158 158 158 175 175 197 195 195 17 215 40 40 40 40 40 40 40 40 40 40 40 40 40 40 40 40 40 40 40 40 40 40 40 40 40 40 40 40 40 40 40 22 50 209 14 50 50 235 234 50 50 50 209 50 227 
228 170 170 170 170 170 170 170 170 170 170 170 170 170 170 170 170 170 170 170 170 170 170 170 170 170 170 170 170 170 170 170 170 170 170 170 170 170 170 170 170 170 170 170 170 170 170 170 170 170 198 142 142 17 215 40 40 40 40 40 40 40 40 40 40 40 40 40 40 40 40 40 40 40 40 40 40 40 40 40 40 40 40 40 40 40 22 50 210 14 50 50 221 223 50 50 50 210 50 227 
228 40 40 40 40 40 40 40 40 40 40 40 40 142 142 40 40 40 40 40 40 40 40 40 40 40 40 40 40 40 40 40 40 40 40 40 40 40 40 40 40 40 40 40 40 40 40 40 40 40 40 40 40 17 215 40 40 40 40 40 40 40 40 40 40 40 40 40 40 40 40 40 40 40 40 40 40 40 40 40 40 40 40 40 40 40 22 50 210 14 50 50 221 223 50 50 50 210 50 227 
228 40 40 40 40 40 40 40 40 40 142 142 142 142 40 40 40 40 40 40 40 40 40 40 40 40 40 40 40 40 40 40 40 40 40 40 40 40 40 40 40 40 40 40 40 40 40 40 40 40 40 40 40 17 215 40 40 40 40 40 40 40 40 40 40 40 40 40 40 40 40 40 40 40 40 40 40 40 40 40 40 40 40 40 40 40 22 50 210 14 50 50 221 223 50 50 50 210 50 227 
228 187 187 187 187 187 187 187 187 187 187 187 187 187 187 187 187 187 187 187 187 187 187 187 187 187 187 187 187 187 187 187 187 187 187 187 187 187 187 187 187 187 187 187 187 187 187 187 187 187 187 187 187 17 215 40 40 40 40 40 40 40 40 40 40 40 40 40 40 40 40 40 40 40 40 40 40 40 40 40 40 40 40 40 40 40 22 50 210 14 50 50 221 223 50 50 50 210 50 227 
228 40 40 40 40 40 40 40 40 40 40 40 40 40 40 40 40 40 40 40 40 40 40 40 40 40 40 40 40 40 40 40 40 40 40 40 40 40 40 40 40 40 40 40 40 40 40 40 40 40 40 40 40 17 215 40 40 40 40 40 40 40 40 40 40 40 40 40 40 40 40 40 40 40 40 40 40 40 40 40 40 40 40 40 40 40 22 80 211 14 50 50 226 224 50 50 50 211 50 227 
228 40 40 40 40 40 142 142 142 142 142 142 142 142 142 142 142 142 142 142 142 142 142 142 142 142 142 142 142 142 142 142 142 142 142 142 142 142 142 142 142 142 142 142 142 40 40 40 40 40 40 40 40 17 215 40 40 40 40 40 40 40 40 40 40 40 40 40 40 40 40 40 40 40 40 40 40 40 40 40 40 40 40 40 40 142 22 80 50 14 50 50 50 14 50 50 50 14 50 227 
228 171 171 171 171 171 171 171 171 171 171 171 171 171 171 171 171 171 171 171 171 171 171 171 171 171 171 171 171 171 171 171 171 171 171 171 171 171 171 171 171 171 171 171 171 171 171 171 171 171 196 142 142 17 215 142 142 40 40 40 40 40 40 40 40 40 40 40 40 40 40 40 40 40 40 40 40 40 40 40 40 40 40 40 142 142 22 80 50 14 50 50 50 14 50 50 50 14 50 227 
228 175 158 175 158 158 175 158 158 158 158 158 175 158 158 175 175 175 158 175 158 158 158 158 175 175 158 158 158 158 158 158 158 175 175 158 158 158 158 158 175 158 158 175 158 158 158 158 175 175 197 195 195 17 215 142 142 142 142 142 142 142 142 142 142 142 142 142 142 142 142 142 142 142 142 142 142 142 142 142 142 142 142 142 142 142 22 80 209 14 50 50 235 234 50 50 50 209 50 227 
228 170 170 170 170 170 170 170 170 170 170 170 170 170 170 170 170 170 170 170 170 170 170 170 170 170 170 170 170 170 170 170 170 170 170 170 170 170 170 170 170 170 170 170 170 170 170 170 170 170 198 40 40 17 215 142 142 142 142 142 142 142 142 142 142 142 142 142 142 142 142 142 142 142 142 142 142 142 142 142 142 142 142 142 142 142 22 80 210 14 163 163 221 223 163 163 163 210 50 227 
228 40 40 40 40 40 40 40 40 40 40 40 40 40 40 40 40 40 40 40 40 40 40 40 40 40 40 40 40 40 40 40 40 40 40 40 40 40 40 40 40 40 40 40 40 40 40 40 40 40 40 40 40 17 215 40 40 40 40 40 40 40 40 40 40 40 40 40 40 40 40 40 40 142 142 142 40 142 142 142 40 40 40 40 142 40 22 80 210 14 14 14 221 223 163 163 163 210 50 227 
227 40 40 40 40 40 40 40 40 40 40 40 40 40 40 40 40 40 40 40 40 40 40 40 40 40 40 40 40 40 40 40 40 40 40 40 40 40 40 40 40 40 40 40 40 40 40 40 40 40 40 40 40 17 215 40 40 40 40 40 40 40 40 40 40 40 40 40 40 40 40 40 40 40 40 40 40 40 40 40 40 40 40 40 40 40 22 80 210 163 163 163 221 223 163 163 163 210 50 227 
227 187 187 187 187 187 187 187 187 187 187 187 187 187 187 187 187 187 187 187 187 187 187 187 187 187 187 187 187 187 187 187 187 187 187 187 187 187 187 187 187 187 187 187 187 187 187 187 187 187 187 187 187 17 215 40 40 40 40 40 40 40 40 40 40 40 40 40 40 40 40 40 40 40 40 40 40 40 40 40 40 40 40 40 40 40 22 80 210 163 163 163 221 223 163 50 50 210 50 227 
228 40 40 40 40 40 40 40 40 40 40 40 40 40 40 40 40 40 40 40 40 40 40 40 40 142 40 40 40 40 40 40 40 40 40 40 40 40 40 40 40 40 40 40 40 40 40 40 40 40 40 40 40 17 215 40 40 40 40 40 40 40 40 40 40 40 40 40 40 40 40 40 40 40 40 40 40 40 40 40 40 40 40 40 40 40 22 80 211 14 14 14 226 224 14 14 14 211 14 227 
228 40 40 40 40 40 40 40 40 40 40 40 40 40 40 40 40 40 40 40 40 40 40 40 40 40 40 40 40 40 40 40 40 40 40 40 40 40 40 40 40 40 40 40 40 40 40 40 40 40 40 40 40 17 215 40 40 40 40 40 40 40 40 40 40 40 40 40 40 40 40 40 40 40 40 40 40 40 40 40 40 40 40 40 40 40 22 80 50 14 14 14 14 14 14 14 14 14 14 228 
228 164 164 164 164 164 164 164 164 164 164 164 164 164 164 164 164 164 164 164 164 164 164 164 164 164 164 164 164 164 164 164 164 164 164 164 164 164 164 164 164 164 164 164 164 164 164 164 164 164 164 164 164 16 16 16 16 16 16 16 16 16 16 16 16 16 16 16 16 16 16 16 16 16 16 16 16 16 16 16 16 16 16 16 16 16 22 80 50 14 14 14 14 14 14 14 14 14 50 227 
228 163 163 163 163 163 163 163 163 163 163 163 163 163 163 163 163 163 163 163 163 163 163 163 163 163 163 163 163 163 163 163 163 163 163 163 163 163 163 163 163 163 163 163 163 163 163 163 163 163 163 163 163 152 152 152 152 152 151 152 152 152 152 152 151 152 152 152 152 152 152 152 152 152 151 152 152 152 152 152 151 152 152 152 152 152 22 80 14 14 14 14 14 14 14 14 14 14 50 227 
228 14 14 14 14 14 14 14 14 14 14 14 14 14 14 14 14 14 14 14 14 14 14 14 14 14 14 14 14 14 14 14 14 14 14 14 14 14 14 14 14 163 163 163 163 163 163 163 163 163 163 163 163 40 40 142 40 142 154 142 142 153 142 142 154 142 142 232 233 233 233 196 142 142 154 142 142 153 142 142 154 142 142 142 142 142 22 80 14 14 14 14 14 14 14 14 14 14 50 227 
228 14 14 14 14 14 14 14 14 14 14 14 14 14 14 14 14 14 14 14 14 14 14 14 14 14 14 14 14 14 14 14 14 14 14 14 14 14 14 14 14 14 14 14 14 14 14 14 14 14 14 14 149 209 213 142 142 142 154 142 142 153 142 142 154 142 142 221 207 207 207 223 40 142 154 142 142 153 142 142 154 142 142 142 213 209 22 235 229 234 50 50 14 14 14 14 235 229 234 227 
228 14 14 210 14 14 14 14 14 14 209 14 14 14 14 14 14 209 14 14 14 14 14 14 209 14 14 14 14 14 14 14 209 14 14 14 14 14 14 14 209 14 14 14 14 14 14 14 209 14 14 14 149 210 213 142 40 40 154 142 142 153 142 142 154 142 142 221 207 207 207 223 40 142 154 142 142 153 142 142 154 142 142 142 213 210 22 221 207 223 50 50 14 14 14 14 221 207 223 227 
228 14 14 210 14 14 14 14 14 14 210 14 14 14 14 14 14 210 14 14 14 14 14 14 210 14 14 14 14 14 14 14 210 14 14 14 14 14 14 14 210 14 14 14 14 14 14 14 210 14 14 14 149 210 213 142 142 142 154 142 142 153 142 142 154 142 142 221 207 207 207 223 40 142 154 142 142 153 142 142 154 142 142 142 213 210 22 221 207 223 50 14 212 212 50 14 221 207 223 227 
228 14 14 210 14 14 14 14 14 14 210 14 14 14 14 14 14 210 14 14 14 14 14 14 210 14 14 14 14 14 14 14 210 14 14 14 14 14 14 14 210 14 14 14 14 14 14 14 210 14 14 14 149 210 213 142 40 40 154 142 142 153 142 142 154 142 142 221 207 207 207 223 40 40 154 142 142 153 142 142 154 142 142 40 213 210 22 221 207 223 14 50 212 212 50 14 221 207 223 227 
228 14 14 210 14 14 14 14 14 14 210 14 14 14 14 14 14 210 14 14 14 14 14 14 210 14 14 14 14 14 14 14 210 14 14 14 14 14 14 14 210 14 14 14 14 14 14 14 210 14 14 14 149 210 213 40 142 142 154 142 142 153 40 142 154 142 142 221 207 207 207 223 40 40 154 142 142 153 142 142 154 142 142 40 213 210 22 221 207 223 50 50 50 14 50 50 221 207 223 227 
228 14 14 210 14 14 14 14 14 14 210 14 14 14 14 14 14 210 14 14 14 14 14 14 210 14 14 14 14 14 14 14 210 14 14 14 14 14 14 14 210 14 14 14 14 14 14 14 210 14 14 14 149 211 213 40 40 40 154 142 142 153 40 142 154 142 142 221 207 207 207 223 40 40 154 142 142 153 40 142 154 40 40 40 213 211 22 226 225 224 14 14 14 14 50 14 226 225 224 227 
228 14 14 210 14 14 14 14 14 14 210 14 14 14 14 14 14 210 14 14 14 14 14 14 210 14 14 14 14 14 14 14 210 14 14 14 14 14 14 14 210 14 14 14 14 14 14 14 210 14 14 14 149 142 40 40 40 40 154 40 40 153 142 40 154 40 142 221 207 207 207 223 142 142 154 142 142 153 142 142 154 142 142 40 40 40 22 80 14 14 14 14 14 14 14 14 14 14 14 227 
228 14 14 210 14 14 14 14 14 14 210 14 14 14 14 14 14 210 14 14 14 14 14 14 210 14 14 14 14 14 14 14 210 14 14 14 14 14 14 14 210 14 14 14 14 14 14 14 210 14 14 14 149 142 142 40 40 40 154 40 40 153 40 40 154 40 40 221 207 207 207 223 142 142 154 142 142 153 142 142 154 40 40 40 40 40 22 80 14 14 14 14 212 212 14 14 14 14 50 227 
228 14 14 210 14 14 14 14 14 14 210 14 14 14 14 14 14 210 14 14 14 14 14 14 210 14 14 14 14 14 14 14 210 14 14 14 14 14 14 14 210 14 14 14 14 14 14 14 210 14 14 14 149 142 40 40 142 40 154 40 40 153 40 40 154 40 40 221 207 207 207 223 142 142 154 142 142 153 142 142 154 40 142 40 40 40 22 80 163 14 14 163 212 212 163 14 14 163 50 227 
228 14 14 211 14 14 14 14 14 14 211 14 14 14 14 14 14 211 14 14 14 14 14 14 211 14 14 14 14 14 14 14 211 14 14 14 14 14 14 14 211 14 14 14 14 14 14 14 211 14 14 14 149 142 40 40 40 40 154 40 40 153 40 40 154 40 40 221 207 207 207 223 142 142 154 40 142 153 40 142 154 40 142 142 40 40 22 80 163 14 14 163 163 14 14 163 14 14 50 227 
228 14 14 14 14 14 14 14 14 14 14 14 14 14 14 14 14 14 14 14 14 14 14 14 14 14 14 14 14 14 14 14 14 14 14 14 14 14 14 14 14 14 14 14 14 14 14 14 14 14 14 14 149 209 213 40 40 40 154 40 142 153 40 40 154 40 40 221 207 207 207 223 142 142 154 142 142 153 40 142 154 40 40 40 213 209 22 235 229 234 163 14 14 14 14 14 235 229 234 227 
228 14 14 14 14 14 14 14 14 14 14 14 14 14 14 14 14 14 14 14 14 14 14 14 14 14 14 14 14 14 14 14 14 14 14 14 14 14 14 14 14 14 14 14 14 14 14 14 14 14 14 14 149 210 213 40 40 40 154 40 142 153 142 40 154 40 40 221 207 207 207 223 142 142 154 142 142 153 40 142 154 40 40 40 213 210 22 221 207 223 163 163 14 14 163 163 221 207 223 227 
228 14 14 14 14 14 14 14 14 14 14 14 14 14 14 14 14 14 14 14 14 14 14 14 14 14 14 14 14 14 14 14 14 14 14 14 14 14 14 14 14 14 14 14 14 14 14 14 14 14 14 14 149 210 213 40 40 40 154 40 142 153 142 142 154 40 40 221 207 207 207 223 142 142 154 142 142 153 40 142 154 40 40 40 213 210 22 221 207 223 50 50 212 212 14 50 221 207 223 227 
228 14 14 14 14 14 14 14 14 14 14 14 14 14 14 14 14 14 14 14 14 14 14 14 14 14 14 14 14 14 14 14 14 14 14 14 14 14 14 14 14 14 14 14 14 14 14 14 14 14 14 14 149 210 213 40 40 40 154 40 142 153 40 142 154 40 142 221 207 207 207 223 142 142 154 142 142 153 40 142 154 40 40 40 213 210 22 221 207 223 50 50 212 212 50 50 221 207 223 227 
228 14 14 212 14 14 14 212 14 14 14 212 14 14 14 212 14 14 14 212 14 14 14 212 14 14 14 212 14 14 14 212 14 14 14 212 14 14 14 212 14 14 14 212 14 14 14 212 14 14 14 212 149 210 213 142 40 40 154 40 142 153 40 142 154 142 142 221 207 207 207 223 142 142 154 40 142 153 40 142 154 40 40 40 213 210 22 221 207 223 50 50 14 14 14 50 221 207 223 227 
228 14 14 14 14 14 14 14 14 14 14 14 14 14 14 14 14 14 14 14 14 14 14 14 14 14 14 14 14 14 14 14 14 14 14 14 14 14 14 14 14 14 14 14 14 14 14 14 14 14 14 14 149 211 213 142 40 40 154 142 142 153 142 142 154 142 142 221 207 207 207 223 142 142 154 142 142 153 40 142 154 40 40 40 213 211 22 226 225 224 14 14 14 14 14 14 226 225 224 227 
228 14 14 14 14 14 14 14 14 14 14 14 14 14 14 14 14 14 14 14 14 14 14 14 14 14 14 14 14 14 14 14 14 14 14 14 14 14 14 14 14 14 14 14 14 14 14 14 14 14 12 12 148 142 142 40 142 142 154 142 142 153 142 142 154 142 142 221 207 207 207 223 142 142 154 142 142 153 142 142 154 40 40 40 40 40 22 80 50 14 50 50 50 14 50 50 50 14 50 227 
228 228 228 228 228 228 228 228 228 228 228 228 228 228 228 228 228 228 228 228 228 228 228 228 228 228 228 228 228 228 228 228 228 228 228 228 228 228 228 228 228 228 228 228 228 228 228 228 228 228 228 228 228 228 228 228 228 228 228 228 228 228 228 228 228 228 228 228 228 228 228 228 228 228 228 228 228 228 228 228 228 228 228 228 228 228 228 228 228 228 228 228 228 228 228 228 228 228 228 228 
